18.276 17.307
19.133 17.939
18.969 18.064
19.016 18.238
18.853 18.377
19.059 18.602
19.226 18.452
19.292 18.421
19.555 18.016
19.166 18.656
19.847 18.227
19.609 18.856
20.403 18.503
19.665 19.126
20.277 18.663
19.943 19.134
19.903 19.164
20.324 18.836
20.136 19.337
20.194 19.386
20.200 19.406
21.300 19.209
20.727 20.055
20.729 19.998
20.743 19.992
20.779 20.011
21.534 19.647
20.740 20.126
21.165 19.998
20.965 20.234
20.971 20.243
20.959 20.330
21.753 19.814
21.047 20.314
21.058 20.320
21.051 20.426
21.079 20.467
21.106 20.485
21.109 20.494
21.122 20.531
21.133 20.528
21.171 20.548
21.164 20.544
21.193 20.549
21.209 20.569
21.171 20.563
21.200 20.573
21.208 20.577
21.218 20.598
21.190 20.722
21.308 20.652
21.349 20.645
21.367 20.645
21.390 20.671
21.419 20.734
21.539 20.798
21.865 20.580
21.556 20.881
21.720 20.727
21.619 20.908
21.811 21.105
21.904 21.228
21.930 21.239
21.929 21.351
22.254 21.136
22.033 21.354
22.081 21.424
22.090 21.468
22.091 21.445
22.146 21.475
22.183 21.502
22.213 21.488
22.245 21.742
22.787 21.353
22.289 21.756
23.548 21.137
22.372 21.693
22.386 21.698
22.362 21.715
22.468 21.616
22.383 21.703
22.841 21.451
22.476 21.803
22.499 21.831
22.553 21.812
22.434 21.996
22.555 21.885
22.581 21.949
22.627 21.971
22.659 22.020
22.738 22.065
22.734 22.073
22.587 22.338
22.749 22.089
23.010 21.833
22.758 22.132
22.750 22.127
22.797 22.144
22.830 22.156
25.547 21.737
22.832 22.248
23.159 21.996
22.868 22.220
22.902 22.238
23.113 22.125
24.442 21.772
22.922 22.398
22.964 22.334
23.013 22.356
23.022 22.387
23.075 22.453
22.916 22.779
22.906 22.786
23.141 22.500
23.144 22.497
22.961 22.898
23.149 22.537
23.028 22.772
23.163 22.546
23.150 22.610
23.188 22.561
23.523 22.304
23.150 22.691
23.203 22.590
23.235 22.680
23.284 22.644
23.282 22.654
24.502 22.120
23.303 22.673
23.323 22.681
23.332 22.688
23.311 22.705
23.155 23.043
23.361 22.727
23.172 23.127
23.377 22.728
23.228 23.090
23.391 22.783
23.393 22.785
23.386 22.791
26.258 22.382
23.415 22.799
23.441 22.800
23.389 22.870
23.416 22.860
23.418 22.857
23.358 22.992
23.423 22.960
23.482 22.934
23.449 22.924
23.424 22.992
23.327 23.276
23.496 22.926
23.496 22.921
23.514 23.029
23.494 22.960
23.507 22.948
23.493 22.978
23.494 22.996
23.519 22.968
23.532 22.985
23.496 23.048
23.542 22.988
23.557 23.181
23.584 22.999
23.553 23.074
23.552 23.068
23.556 23.092
23.463 23.278
23.569 23.087
23.565 23.090
23.581 23.078
23.570 23.093
23.570 23.095
23.578 23.091
23.591 23.101
23.569 23.141
23.587 23.093
23.566 23.061
23.580 23.212
23.584 23.195
23.560 23.342
23.622 23.165
23.627 23.162
23.604 23.169
23.619 23.167
23.609 23.232
23.647 23.189
23.637 23.213
23.627 23.194
23.653 23.192
23.658 23.194
23.653 23.236
23.658 23.230
23.672 23.218
23.625 23.309
23.665 23.223
24.091 22.810
23.687 23.244
23.719 23.318
23.726 23.633
23.693 23.245
23.690 23.250
23.675 23.272
23.706 23.276
23.674 23.371
23.715 23.312
23.711 23.322
23.711 23.345
23.754 23.241
23.730 23.295
23.655 23.464
23.732 23.291
23.723 23.333
23.738 23.320
23.731 23.307
23.737 23.323
23.751 23.304
23.762 23.318
23.741 23.356
23.758 23.329
23.758 23.331
23.811 23.432
23.774 23.353
23.778 23.341
23.787 23.365
23.765 23.379
23.770 23.345
23.760 23.385
23.777 23.365
23.769 23.368
23.787 23.387
23.781 23.407
23.810 23.417
23.820 23.404
23.830 23.425
23.838 23.435
23.831 23.437
23.825 23.437
23.813 23.431
23.823 23.450
23.837 23.450
23.849 23.422
24.265 23.000
23.858 23.411
23.847 23.444
23.857 23.454
23.798 23.590
23.860 23.453
23.880 23.456
23.870 23.454
23.868 23.473
23.879 23.457
23.905 23.386
23.868 23.483
23.853 23.501
23.882 23.498
23.887 23.497
23.892 23.487
23.872 23.528
23.890 23.492
23.874 23.519
23.853 23.456
23.891 23.495
23.916 23.467
23.932 23.526
23.920 23.501
23.901 23.520
23.897 23.542
23.900 23.501
23.911 23.531
23.867 23.710
23.918 23.611
23.934 23.533
23.919 23.597
23.941 23.551
23.961 23.565
23.892 23.693
23.946 23.554
23.957 23.542
23.943 23.577
24.297 23.150
23.956 23.555
23.953 23.569
23.985 23.495
23.967 23.596
23.968 23.568
23.983 23.530
23.958 23.582
23.969 23.602
23.933 23.538
23.985 23.612
23.927 23.581
23.982 23.611
23.980 23.669
24.000 23.582
23.980 23.616
24.009 23.618
24.016 23.618
24.686 23.068
24.021 23.630
24.009 23.635
24.016 23.642
24.011 23.652
24.017 23.661
24.010 23.754
24.046 23.642
24.020 23.666
24.032 23.669
24.046 23.660
24.072 23.655
24.059 23.690
24.047 23.677
24.093 23.544
24.047 23.700
24.056 23.699
24.066 23.688
24.077 23.711
24.078 23.683
24.068 23.725
24.084 23.706
24.076 23.717
24.080 23.705
24.524 23.247
24.077 23.703
24.095 23.705
24.044 23.829
24.094 23.705
24.077 23.790
24.107 23.710
24.104 23.742
24.095 23.718
24.121 23.708
24.095 23.737
24.101 23.723
24.110 23.741
24.108 23.744
24.120 23.757
24.122 23.756
24.113 23.761
24.108 23.740
24.114 23.737
24.060 23.893
24.100 23.694
24.152 23.739
24.179 24.088
24.147 23.776
24.139 23.772
24.138 23.795
24.164 23.728
24.150 23.751
24.189 23.897
24.172 23.738
24.152 23.766
24.155 23.771
24.144 23.765
24.152 23.800
24.126 23.884
24.163 23.811
24.146 23.840
24.162 23.842
24.133 23.828
24.195 23.780
24.205 23.783
24.222 23.750
24.191 23.810
24.186 23.848
24.255 23.880
24.186 23.819
24.203 23.848
24.187 23.850
24.209 23.813
24.200 23.836
24.199 23.837
24.198 23.850
24.190 23.813
24.203 23.933
24.199 23.838
24.202 23.840
24.159 23.896
24.236 23.833
24.219 23.841
24.226 23.830
24.229 23.836
24.211 23.830
24.227 23.854
24.229 23.851
24.228 23.847
24.239 23.829
24.248 23.828
24.658 23.327
24.230 23.864
24.235 23.862
24.244 23.846
24.223 23.875
24.232 23.892
24.206 23.865
24.254 23.852
24.236 23.876
24.254 23.854
24.263 23.825
24.189 23.854
24.254 23.905
24.252 23.870
24.251 23.873
24.255 23.873
24.254 23.883
24.918 23.298
24.277 23.865
24.261 23.886
24.252 23.851
26.708 24.873
24.294 23.932
24.267 23.861
24.297 23.839
24.277 23.913
24.255 23.916
24.255 23.954
24.260 23.927
24.269 23.887
24.286 23.860
24.282 23.868
24.261 23.914
24.265 23.916
24.328 23.936
24.279 23.916
24.273 23.907
24.278 23.931
24.306 23.879
26.094 26.251
24.317 23.852
24.275 23.859
24.306 23.919
24.316 23.914
24.294 23.913
24.328 23.913
24.322 23.921
24.307 23.953
24.311 23.940
24.348 23.917
24.318 23.962
24.306 23.935
24.581 23.609
24.330 23.921
24.314 23.940
24.323 23.964
24.309 23.971
24.341 23.922
24.353 23.945
24.340 23.957
24.340 23.977
24.357 23.929
24.339 23.948
24.357 23.951
24.358 23.959
24.350 23.957
24.361 23.945
24.387 23.969
24.354 23.973
24.358 23.964
24.357 23.969
24.363 23.979
24.367 23.967
24.370 23.984
24.376 23.973
24.359 23.976
24.365 23.970
24.381 23.974
24.369 23.993
24.370 24.023
24.368 24.002
24.390 23.981
24.391 23.997
24.350 23.946
24.388 24.009
24.399 24.005
24.399 24.006
24.408 24.002
24.414 23.970
24.402 24.009
24.408 24.019
24.402 23.998
24.419 24.057
24.383 24.059
24.427 24.008
24.418 24.039
24.425 24.035
24.881 23.549
24.417 24.039
24.409 24.016
24.417 24.004
24.406 24.053
24.337 24.039
24.426 24.033
24.427 24.038
24.427 24.049
24.431 24.084
24.459 24.007
24.775 23.648
24.440 24.033
24.417 24.031
24.427 24.077
24.437 24.060
24.430 24.036
24.448 24.043
24.454 24.062
24.477 24.038
24.430 24.111
24.901 23.584
24.455 24.076
24.858 23.645
24.461 24.081
24.459 24.072
24.493 24.054
24.480 24.054
24.470 24.043
24.497 24.056
24.503 24.094
24.465 24.075
24.423 24.193
24.472 24.068
24.442 24.028
24.452 24.121
24.457 24.093
24.483 24.060
24.412 24.014
24.469 24.083
24.466 24.080
24.496 24.093
24.466 24.109
24.474 24.103
24.485 24.099
24.476 24.075
24.489 24.081
24.486 24.080
24.481 24.105
24.509 24.111
24.499 24.090
24.505 24.086
24.500 24.116
24.472 24.135
24.526 24.118
24.501 24.114
24.507 24.112
24.511 24.110
24.513 24.111
24.511 24.103
24.505 24.124
24.494 24.118
24.492 24.155
24.563 24.065
24.512 24.123
24.533 24.112
24.523 24.143
24.528 24.128
24.518 24.141
24.509 24.136
24.511 24.145
24.511 24.278
24.531 24.142
24.542 24.105
24.524 24.161
24.513 24.190
24.519 24.179
24.534 24.151
24.538 24.164
24.546 24.142
24.567 24.128
24.542 24.123
24.556 24.141
24.543 24.161
24.539 24.198
24.542 24.170
24.578 24.159
24.553 24.165
24.564 24.164
24.527 24.147
24.543 24.207
24.587 24.101
24.564 24.143
24.553 24.198
24.559 24.173
24.564 24.174
24.568 24.176
24.568 24.173
24.573 24.189
24.557 24.190
24.565 24.209
24.572 24.193
24.558 24.205
24.576 24.164
24.549 24.153
24.593 24.154
24.599 24.159
24.574 24.229
24.608 24.159
24.580 24.196
24.572 24.202
24.586 24.161
24.612 24.189
24.594 24.191
24.598 24.186
24.593 24.210
24.618 24.204
24.623 24.167
24.598 24.214
24.613 24.251
24.606 24.210
24.622 24.176
24.611 24.211
24.630 24.150
24.636 24.161
24.618 24.184
24.605 24.236
24.640 24.243
24.608 24.239
24.637 24.170
24.608 24.232
24.634 24.191
24.606 24.192
24.632 24.217
24.640 24.198
24.606 24.270
24.651 24.159
24.617 24.269
24.649 24.203
24.654 24.198
24.662 24.201
24.646 24.222
24.683 24.175
24.659 24.227
24.620 24.294
24.644 24.242
24.650 24.272
24.645 24.270
24.655 24.232
24.652 24.249
25.117 23.798
24.622 24.324
24.647 24.252
24.668 24.208
24.683 24.213
24.673 24.231
24.849 23.999
24.671 24.269
24.674 24.240
24.636 24.331
24.687 24.285
24.693 24.248
24.681 24.281
24.684 24.278
24.676 24.362
24.683 24.285
24.682 24.302
24.672 24.284
25.194 23.809
24.677 24.299
24.671 24.317
24.681 24.290
24.683 24.281
24.743 24.218
24.690 24.283
24.689 24.301
24.720 24.230
24.680 24.334
24.682 24.356
24.677 24.334
24.717 24.258
24.707 24.292
24.714 24.280
24.690 24.333
24.727 24.265
24.714 24.317
24.732 24.276
24.692 24.362
24.709 24.350
24.726 24.290
24.750 24.296
24.731 24.316
24.723 24.332
27.654 27.176
24.711 24.382
24.748 24.289
24.737 24.334
24.741 24.309
24.733 24.323
24.736 24.327
24.764 24.349
24.729 24.359
24.750 24.356
24.762 24.310
24.754 24.344
24.745 24.334
24.792 24.272
24.760 24.332
24.705 24.280
24.735 24.330
24.755 24.357
24.778 24.349
24.760 24.335
24.781 24.341
24.756 24.423
24.770 24.379
24.772 24.362
24.753 24.388
24.776 24.358
24.780 24.338
24.792 24.393
24.785 24.300
24.784 24.369
24.803 24.351
26.071 25.424
24.795 24.336
24.796 24.338
24.787 24.377
24.772 24.400
24.801 24.381
24.833 24.327
24.817 24.414
24.814 24.367
25.831 23.822
24.799 24.423
24.773 24.416
24.810 24.375
24.793 24.419
24.815 24.418
24.805 24.392
24.817 24.373
24.809 24.397
24.820 24.379
24.810 24.388
24.820 24.392
24.816 24.411
24.816 24.405
24.799 24.438
24.866 24.357
24.819 24.410
24.818 24.442
24.824 24.424
24.836 24.379
25.145 24.040
24.828 24.428
24.851 24.391
24.826 24.458
24.845 24.423
24.847 24.429
24.877 24.367
25.043 24.139
24.888 24.374
24.852 24.436
24.857 24.430
25.466 23.934
24.850 24.466
24.848 24.417
24.884 24.393
24.849 24.400
24.868 24.433
24.901 24.391
24.907 24.394
24.868 24.464
24.881 24.472
24.927 24.513
24.878 24.444
24.849 24.453
24.877 24.470
24.875 24.470
24.884 24.448
24.885 24.458
24.881 24.445
24.882 24.475
24.899 24.468
24.892 24.459
24.874 24.500
24.904 24.444
24.882 24.496
24.894 24.476
24.940 24.505
24.900 24.442
24.899 24.449
24.882 24.514
24.897 24.492
24.866 24.530
24.902 24.482
24.902 24.494
24.907 24.458
24.904 24.436
24.922 24.489
24.891 24.484
24.908 24.637
24.901 24.502
24.930 24.467
24.918 24.496
24.929 24.493
24.931 24.470
24.924 24.487
24.905 24.520
24.899 24.563
24.907 24.541
24.950 24.457
24.918 24.522
24.943 24.478
24.927 24.513
27.545 25.261
24.959 24.465
24.958 24.460
24.929 24.548
24.952 24.491
24.968 24.445
24.958 24.529
24.961 24.503
24.955 24.522
24.908 24.575
24.927 24.522
24.982 24.448
24.947 24.543
26.138 26.382
24.934 24.566
24.930 24.537
24.945 24.539
24.968 24.508
24.957 24.521
24.947 24.556
24.961 24.514
24.980 24.513
24.969 24.507
24.942 24.577
24.996 24.448
24.978 24.523
24.966 24.598
24.968 24.548
24.949 24.560
24.973 24.539
24.973 24.562
24.973 24.529
24.967 24.582
24.976 24.487
24.960 24.572
24.963 24.570
24.965 24.577
25.001 24.528
24.970 24.632
24.973 24.577
24.990 24.569
25.010 24.524
24.988 24.620
24.999 24.577
24.991 24.589
25.008 24.545
24.994 24.622
25.005 24.588
25.003 24.571
25.023 24.554
24.993 24.611
24.985 24.649
25.013 24.559
25.003 24.588
25.034 24.532
25.029 24.548
25.040 24.527
25.045 24.529
25.039 24.541
25.008 24.597
25.031 24.613
25.032 24.598
25.028 24.560
25.045 24.566
25.025 24.604
25.031 24.600
25.027 24.623
25.054 24.594
25.021 24.648
25.074 24.555
25.019 24.645
25.064 24.557
25.039 24.601
25.030 24.653
25.066 24.572
25.040 24.667
25.039 24.613
25.027 24.615
25.043 24.660
25.028 24.670
25.040 24.625
25.061 24.597
25.069 24.657
25.052 24.607
25.080 24.598
25.074 24.603
25.083 24.611
25.058 24.660
25.787 24.113
25.070 24.635
25.063 24.650
25.042 24.689
25.090 24.617
25.068 24.601
25.058 24.662
25.039 24.662
25.088 24.604
25.087 24.620
25.052 24.666
25.094 24.635
25.101 24.588
25.522 24.202
25.078 24.665
25.078 24.666
25.101 24.618
25.043 24.691
25.091 24.641
25.105 24.612
25.100 24.635
25.086 24.666
25.050 24.670
25.089 24.685
25.087 24.684
25.430 24.232
25.102 24.629
25.093 24.698
25.113 24.604
25.097 24.667
25.100 24.671
25.077 24.698
25.107 24.691
25.141 24.595
25.112 24.712
25.113 24.674
25.114 24.665
25.106 24.719
25.129 24.657
25.114 24.680
25.124 24.677
25.116 24.682
25.143 24.652
25.130 24.655
25.125 24.700
25.153 24.630
25.126 24.704
25.110 24.753
25.181 24.618
25.123 24.767
25.168 24.644
25.162 24.695
25.136 24.712
25.135 24.733
25.156 24.778
25.147 24.696
25.144 24.627
25.126 24.752
25.130 24.744
25.180 24.657
25.161 24.698
25.126 24.770
25.139 24.714
25.158 24.734
25.168 24.677
25.182 24.684
25.116 24.698
25.146 24.722
25.179 24.692
25.180 24.684
28.184 24.347
25.174 24.689
25.146 24.767
25.168 24.698
25.166 24.733
25.153 24.742
25.180 24.692
25.183 24.726
25.160 24.756
25.163 24.752
25.187 24.737
25.170 24.745
25.157 24.816
25.247 24.662
25.187 24.717
25.192 24.777
25.219 24.774
25.190 24.754
25.198 24.725
25.538 24.945
25.179 24.765
25.206 24.755
25.170 24.790
25.171 24.782
25.187 24.769
25.183 24.766
25.208 24.759
25.196 24.771
25.185 24.759
25.197 24.763
25.227 24.879
25.234 24.713
25.214 24.739
25.217 24.779
25.202 24.768
25.205 24.780
25.171 24.818
25.227 24.726
25.216 24.762
25.256 24.748
25.241 24.789
25.244 24.758
25.223 24.744
25.238 24.743
25.234 24.728
25.208 24.792
25.221 24.770
25.204 24.838
25.226 24.814
25.230 24.765
25.196 24.827
25.235 24.751
25.224 24.775
25.205 24.823
25.243 24.772
25.221 24.813
25.231 24.805
25.235 24.806
25.205 24.872
25.234 24.821
25.227 24.831
25.251 24.778
25.260 24.843
25.250 24.799
25.239 24.793
25.231 24.876
25.774 24.355
25.297 24.747
25.280 24.789
25.267 24.792
25.700 24.348
25.260 24.789
25.231 24.919
25.240 24.777
25.251 24.809
25.246 24.840
25.240 24.870
25.282 24.794
25.273 24.801
25.281 24.787
25.271 24.880
25.238 24.844
25.266 24.827
25.281 24.786
25.284 24.819
25.285 24.798
25.291 24.804
25.254 24.893
25.274 24.795
25.289 24.796
25.279 24.823
25.283 24.846
25.268 24.839
25.303 24.820
25.375 24.937
25.295 24.782
25.370 24.707
25.320 24.777
25.268 24.846
25.290 24.788
25.315 24.806
25.266 24.892
25.300 24.815
25.306 24.799
25.249 24.932
25.298 24.784
25.291 24.827
25.292 24.805
25.284 24.972
25.277 24.899
25.294 24.870
25.340 24.787
25.303 24.867
25.315 24.903
25.310 24.903
25.316 24.861
25.328 24.811
25.333 24.854
25.304 24.895
25.304 24.906
25.303 24.890
25.943 25.420
25.320 24.893
25.341 24.860
25.347 24.830
25.322 24.861
25.325 24.912
25.345 24.816
25.324 24.876
25.316 24.876
25.349 24.998
25.332 24.865
25.313 24.940
25.352 24.852
25.315 24.862
25.329 24.909
25.357 24.929
25.322 24.906
25.334 24.883
25.334 24.901
25.316 24.961
25.327 24.907
25.344 24.883
25.382 24.829
25.361 24.879
25.343 24.913
25.351 24.898
25.327 24.929
25.383 24.841
25.360 24.832
25.373 24.855
25.341 24.925
25.338 24.914
25.343 25.059
25.366 24.899
25.357 25.087
25.358 24.929
25.393 24.876
25.394 24.879
25.381 24.909
25.388 24.876
25.412 24.941
25.390 24.893
25.351 24.982
25.875 24.489
25.574 25.067
25.377 24.914
25.400 24.864
25.390 24.904
25.384 24.942
25.397 24.914
25.422 24.876
25.446 24.933
25.408 24.935
25.420 24.894
25.380 25.014
25.445 24.903
25.424 24.892
25.454 24.934
25.399 24.924
25.390 24.913
25.392 24.938
25.393 24.943
25.393 24.953
25.420 24.995
25.413 24.916
25.387 24.979
25.394 24.938
25.407 24.943
25.408 24.987
25.397 24.977
25.411 24.931
25.439 24.909
25.406 24.999
25.446 24.917
25.427 24.944
25.435 24.991
25.432 24.932
25.410 24.950
25.432 24.950
25.437 24.951
25.441 24.922
25.439 24.958
25.435 24.969
25.455 24.915
25.418 24.980
25.455 24.931
25.451 24.966
25.466 24.902
25.441 24.971
25.425 24.986
25.454 24.974
25.716 24.651
25.428 24.985
25.444 24.976
25.456 24.986
25.473 24.938
25.434 25.000
25.435 25.030
25.462 24.964
25.493 24.939
25.457 24.954
25.447 24.993
25.483 24.904
25.418 25.074
25.458 24.964
25.486 24.956
25.438 25.020
25.485 24.987
25.459 24.984
25.486 24.940
25.484 25.010
25.459 25.029
25.455 25.034
25.504 24.929
25.488 24.945
25.462 25.060
25.478 24.988
25.503 25.053
25.461 24.991
25.497 24.943
25.472 25.040
25.852 24.625
25.497 24.969
25.468 25.067
25.506 24.947
25.465 25.030
25.488 25.001
25.498 25.015
25.514 24.964
25.492 24.974
25.501 24.974
25.520 24.938
25.512 24.928
25.491 25.032
25.497 25.006
25.470 25.061
25.523 24.951
25.483 25.042
25.497 24.990
25.491 24.994
25.484 25.033
25.491 24.991
25.453 25.040
25.507 25.047
25.482 25.046
28.086 24.647
25.466 25.145
25.546 24.947
25.510 24.993
25.501 24.997
25.500 24.992
25.520 24.969
25.505 24.995
25.493 25.022
25.501 25.081
25.516 25.016
25.501 25.047
25.528 25.014
25.494 25.031
25.513 25.025
25.509 25.040
25.522 24.994
25.501 25.060
25.476 25.029
25.487 25.069
25.541 24.991
25.489 25.066
25.534 25.060
25.497 25.080
25.514 25.068
25.502 25.086
25.507 25.036
25.557 24.991
25.511 25.065
25.614 24.876
25.502 25.096
25.521 25.096
25.549 25.010
25.566 25.002
25.534 25.067
25.521 25.087
25.511 25.143
25.533 25.062
25.532 25.058
25.550 25.089
25.503 25.137
25.573 24.990
25.612 24.964
25.915 24.671
25.525 25.073
25.520 25.097
25.528 25.061
25.543 25.049
25.542 25.074
25.550 25.061
25.539 25.061
25.581 25.010
25.531 25.076
25.551 25.073
25.557 25.068
25.561 25.058
25.556 25.081
25.557 25.071
25.891 24.695
25.545 25.074
25.534 25.101
25.577 25.130
25.557 25.059
25.548 25.085
25.549 25.067
25.596 25.063
25.559 25.070
25.564 25.069
25.574 25.005
25.551 25.102
25.541 25.134
25.545 25.093
25.591 25.040
25.582 25.040
25.561 25.140
25.562 25.076
25.577 25.083
25.570 25.082
25.595 25.073
25.526 25.153
25.561 25.126
25.554 25.097
25.578 25.087
25.560 25.086
25.572 25.108
25.626 25.018
25.553 25.153
25.546 25.169
25.613 25.018
25.560 25.130
25.579 25.074
25.571 25.121
25.584 25.098
25.600 25.082
25.569 25.135
25.583 25.093
25.612 25.053
25.549 25.169
25.608 25.067
25.594 25.143
25.597 25.123
25.584 25.114
25.569 25.200
25.582 25.119
25.613 25.078
25.624 25.081
25.659 25.005
25.596 25.124
25.586 25.175
25.589 25.170
25.583 25.161
25.659 25.100
25.578 25.176
25.578 25.164
25.591 25.175
25.609 25.125
25.604 25.111
25.915 25.608
25.618 25.144
25.603 25.137
25.565 25.173
25.601 25.177
25.639 25.131
25.609 25.140
25.646 25.099
25.638 25.113
25.611 25.270
27.194 24.673
25.637 25.143
25.605 25.190
25.602 25.204
25.685 25.111
25.615 25.228
25.634 25.119
25.629 25.133
25.614 25.194
25.621 25.175
25.614 25.180
25.700 25.035
25.657 25.111
25.770 24.987
25.638 25.201
25.649 25.141
25.641 25.139
25.635 25.170
25.655 25.201
25.617 25.181
25.691 25.099
25.617 25.239
25.685 25.194
25.675 25.116
25.607 25.056
25.660 25.157
25.632 25.166
25.620 25.244
25.696 25.168
25.700 25.086
25.637 25.210
25.626 25.218
25.705 25.114
25.695 25.202
25.689 25.175
25.676 25.161
25.659 25.160
25.661 25.195
25.697 25.198
25.663 25.177
25.647 25.154
25.673 25.179
25.680 25.142
25.627 25.189
25.722 25.100
25.663 25.181
25.661 25.215
25.666 25.156
25.696 25.115
25.668 25.193
25.638 25.239
25.682 25.204
25.651 25.235
25.650 25.246
25.702 25.261
25.684 25.228
25.685 25.185
25.677 25.240
25.728 25.107
25.698 25.240
25.696 25.183
25.692 25.210
25.703 25.230
25.732 25.132
25.672 25.268
25.712 25.197
25.744 25.101
25.681 25.232
25.767 25.132
25.699 25.234
25.746 25.150
25.714 25.262
25.750 25.211
25.758 25.122
25.658 25.365
25.714 25.200
25.732 25.180
25.664 25.310
25.719 25.219
25.719 25.239
25.721 25.209
25.710 25.241
25.696 25.259
25.793 25.137
25.731 25.175
25.699 25.261
25.783 25.187
25.789 25.189
25.710 25.242
25.712 25.253
25.742 25.206
25.749 25.196
26.040 24.902
25.729 25.193
25.768 25.166
25.714 25.287
25.732 25.190
25.704 25.309
25.735 25.214
25.707 25.310
25.735 25.239
25.702 25.281
25.777 25.274
25.741 25.242
25.788 25.173
25.726 25.347
25.753 25.218
25.703 25.337
25.719 25.348
25.756 25.229
25.827 25.127
25.792 25.158
25.736 25.286
25.770 25.196
25.745 25.287
25.755 25.276
25.770 25.262
25.749 25.267
25.738 25.312
25.768 25.235
25.747 25.278
25.761 25.305
25.724 25.365
25.767 25.306
25.778 25.204
25.784 25.279
25.773 25.250
25.759 25.272
25.809 25.224
25.828 25.266
25.760 25.322
25.781 25.210
25.812 25.199
25.787 25.273
25.755 25.312
25.786 25.234
25.814 25.248
25.787 25.237
25.759 25.276
25.751 25.336
25.772 25.300
25.798 25.252
25.768 25.321
25.784 25.316
25.875 25.187
25.781 25.422
25.788 25.311
25.855 25.161
26.519 25.656
25.809 25.299
25.792 25.318
25.805 25.295
25.830 25.246
25.758 25.371
25.770 25.362
25.853 25.349
25.794 25.300
25.805 25.313
25.799 25.319
26.102 24.970
25.823 25.346
25.790 25.366
25.803 25.296
25.844 25.271
25.832 25.303
25.802 25.318
25.881 25.207
25.824 25.295
25.788 25.331
25.822 25.329
25.832 25.283
25.814 25.338
25.840 25.307
25.810 25.355
25.770 25.374
25.799 25.361
25.828 25.274
25.799 25.320
25.797 25.396
26.437 24.902
25.812 25.346
25.806 25.325
25.793 25.346
25.816 25.343
25.794 25.336
25.814 25.316
25.829 25.303
25.824 25.284
25.820 25.310
25.796 25.340
25.866 25.403
25.806 25.364
25.774 25.328
25.850 25.318
25.850 25.287
26.161 25.072
25.844 25.334
25.830 25.347
25.817 25.414
25.870 25.340
25.860 25.324
26.186 24.983
25.842 25.325
25.824 25.406
25.878 25.249
25.870 25.287
25.810 25.429
25.847 25.398
25.939 25.199
25.849 25.372
25.877 25.279
25.745 25.191
25.919 25.255
25.844 25.347
25.908 25.261
25.858 25.358
25.883 25.431
25.873 25.369
25.862 25.350
25.849 25.387
25.832 25.438
25.885 25.612
25.821 25.431
25.864 25.365
25.853 25.434
25.894 25.326
25.864 25.403
25.880 25.400
25.871 25.382
25.880 25.361
25.848 25.439
25.964 25.244
25.883 25.389
25.834 25.458
25.906 25.392
25.873 25.410
25.917 25.360
25.849 25.480
25.870 25.405
25.908 25.327
25.906 25.367
25.919 25.344
25.888 25.392
25.913 25.329
25.970 25.331
25.911 25.486
25.900 25.478
25.897 25.411
25.891 25.434
25.910 25.417
25.858 25.518
25.908 25.395
25.905 25.468
25.880 25.474
25.966 25.329
25.911 25.397
25.952 25.318
25.931 25.437
25.946 25.365
25.924 25.471
25.912 25.476
25.937 25.378
25.967 25.425
25.939 25.379
25.927 25.414
25.914 25.421
25.947 25.379
26.323 25.064
25.910 25.426
25.969 25.369
25.971 25.347
25.895 25.458
25.927 25.431
25.964 25.365
25.953 25.391
25.867 25.630
25.904 25.474
25.953 25.406
25.914 25.515
25.952 25.422
26.051 25.355
25.930 25.473
25.955 25.411
25.932 25.498
25.945 25.456
25.894 25.476
25.940 25.434
25.927 25.471
25.972 25.425
26.286 25.092
26.035 25.412
25.925 25.494
25.943 25.439
25.938 25.431
25.932 25.477
25.917 25.508
25.952 25.439
25.950 25.448
25.961 25.489
25.967 25.396
25.949 25.439
25.924 25.503
25.949 25.426
25.909 25.615
25.960 25.435
25.931 25.498
25.955 25.451
25.958 25.433
25.964 25.400
25.988 25.416
25.915 25.659
25.931 25.529
25.940 25.565
26.023 25.482
26.033 25.517
25.964 25.456
26.014 25.471
25.900 25.575
25.954 25.457
25.940 25.479
25.990 25.409
25.963 25.466
25.970 25.486
25.928 25.481
25.965 25.495
26.026 25.364
26.029 25.374
26.000 25.394
25.952 25.482
25.950 25.505
25.965 25.510
26.352 25.108
26.014 25.376
25.995 25.512
25.939 25.544
25.932 25.607
26.038 25.456
25.993 25.431
25.991 25.470
25.949 25.556
25.969 25.495
25.976 25.480
25.974 25.494
25.985 25.485
25.935 25.578
26.013 25.428
26.033 25.593
26.072 25.391
25.961 25.519
25.993 25.424
25.985 25.508
26.039 25.477
26.034 25.445
25.964 25.599
26.018 25.513
26.023 25.467
26.015 25.474
26.029 25.480
26.080 25.384
25.989 25.584
26.080 25.471
26.260 25.381
26.046 25.471
26.027 25.493
26.046 25.452
26.042 25.480
26.056 25.388
26.015 25.501
26.030 25.504
26.066 25.571
26.023 25.512
26.042 25.479
26.006 25.583
26.027 25.558
26.132 25.664
25.929 25.956
26.015 25.544
25.992 25.588
26.011 25.550
26.029 25.523
26.017 25.525
25.994 25.599
26.039 25.537
26.043 25.535
26.010 25.608
26.016 25.594
26.031 25.560
26.011 25.585
26.030 25.588
26.051 25.487
26.128 25.491
26.098 25.420
26.035 25.630
26.023 25.595
26.025 25.580
26.059 25.514
26.011 25.744
26.013 25.606
26.047 25.641
26.086 25.475
26.097 25.447
26.297 25.723
26.096 25.451
26.054 25.508
25.979 25.604
26.026 25.539
26.089 25.502
26.154 25.570
26.089 25.596
26.076 25.540
26.110 25.457
26.097 25.535
26.050 25.642
26.071 25.527
26.054 25.577
26.044 25.665
26.065 25.662
26.114 25.503
26.063 25.569
26.091 25.641
26.092 25.504
26.045 25.580
26.102 25.494
26.033 25.653
27.082 26.220
26.065 25.639
26.018 25.451
26.122 25.545
26.056 25.691
26.066 25.647
26.449 25.218
26.100 25.524
26.062 25.674
26.060 25.618
26.058 25.653
26.115 25.586
26.097 25.618
26.071 25.590
26.106 25.530
26.509 25.219
26.090 25.532
26.110 25.534
26.094 25.658
26.100 25.558
26.124 25.556
26.198 25.671
26.058 25.669
26.132 25.535
26.224 25.432
26.113 25.567
26.056 25.639
26.099 25.615
26.098 25.572
26.146 25.505
26.098 25.619
26.127 25.605
26.174 25.494
26.152 25.569
26.111 25.626
26.240 25.423
26.101 25.665
26.216 25.479
26.180 25.544
26.157 25.694
26.129 25.616
26.145 25.620
26.108 25.609
26.371 25.470
26.120 25.648
26.112 25.695
26.116 25.618
26.124 25.623
26.107 25.722
26.126 25.621
26.132 25.607
26.101 25.639
26.118 25.644
26.143 25.579
26.180 25.609
26.131 25.605
26.174 25.613
26.165 25.611
26.132 25.591
26.166 25.552
26.135 25.607
26.107 25.678
26.133 25.593
26.147 25.640
26.180 25.568
26.164 25.580
26.115 25.708
26.237 25.479
26.211 25.512
26.583 25.257
26.131 25.727
26.138 25.614
26.157 25.624
26.115 25.691
26.189 25.565
26.153 25.642
26.207 25.607
26.158 25.777
26.171 25.597
26.187 25.619
26.177 25.602
26.159 25.602
26.196 25.773
26.162 25.642
26.179 25.622
26.189 25.624
26.157 25.653
26.129 25.756
26.154 25.758
26.209 25.632
26.193 25.634
26.127 25.797
26.706 25.241
26.601 25.276
26.160 25.695
26.172 25.700
26.203 25.597
26.168 25.627
26.196 25.645
26.191 25.622
26.163 25.670
26.176 25.693
26.171 25.663
26.186 25.638
26.190 25.703
26.182 25.700
26.170 25.712
26.149 25.728
26.164 25.743
26.186 25.638
26.205 25.677
26.166 25.674
26.139 25.782
26.233 25.568
26.138 25.750
26.171 25.699
26.195 25.657
26.206 25.710
26.157 25.704
26.148 25.747
26.181 25.673
26.169 25.728
26.205 25.693
26.182 25.685
26.165 25.775
26.178 25.734
26.191 25.722
26.148 25.837
26.153 25.755
26.165 25.768
26.183 25.738
26.192 25.726
26.200 25.748
26.208 25.716
26.194 25.755
26.198 25.704
26.274 25.604
26.210 25.676
26.165 25.786
26.200 25.740
26.204 25.697
26.199 25.690
26.176 25.815
26.199 25.716
26.247 25.652
26.182 25.838
26.276 25.646
26.255 25.967
26.200 25.734
26.286 25.727
26.199 25.725
26.290 25.694
26.220 25.748
26.220 25.667
26.203 25.697
26.225 25.764
26.276 25.680
26.263 25.673
26.266 25.638
26.274 25.767
26.244 25.662
26.241 25.717
26.163 25.793
26.265 25.644
26.310 25.635
26.258 25.711
26.253 25.696
26.330 25.653
26.187 25.781
26.253 25.697
26.390 25.547
26.230 25.721
26.266 25.651
26.271 25.673
26.281 25.664
26.205 25.818
26.250 25.731
26.246 25.733
26.349 25.690
26.234 25.721
26.274 25.720
26.261 25.776
26.277 25.747
26.251 25.730
26.289 25.710
26.296 25.762
26.301 25.776
26.208 25.859
26.288 25.714
26.262 25.824
26.299 25.829
26.300 25.711
26.263 25.741
26.313 25.728
26.264 25.814
26.354 25.624
26.272 25.727
26.315 25.657
26.237 25.787
26.288 25.732
26.278 25.713
26.334 25.719
26.304 25.830
26.260 25.762
26.306 25.740
26.235 25.857
26.303 25.716
26.334 25.656
26.292 25.830
26.300 25.825
26.290 25.725
26.306 25.789
26.321 25.696
26.302 25.725
26.263 25.814
26.218 26.137
26.294 25.758
26.357 25.635
26.289 25.774
26.391 25.739
26.391 25.823
26.313 25.756
26.304 25.776
26.404 25.614
26.300 25.772
26.259 25.883
26.347 25.783
26.368 25.708
26.312 25.755
26.212 26.126
26.315 25.720
26.256 25.882
26.286 25.834
26.307 25.802
26.287 25.799
26.279 25.851
26.344 25.840
26.266 25.828
26.308 25.711
26.356 25.763
26.384 25.704
26.333 25.775
26.381 25.823
26.274 25.863
26.251 26.001
26.279 25.825
26.329 25.824
26.370 25.750
26.335 25.846
26.380 25.793
26.384 25.728
26.315 25.817
26.337 25.742
26.268 25.806
26.375 25.817
26.398 25.758
26.371 25.727
26.365 25.817
26.361 25.813
26.316 25.863
26.448 25.649
26.329 25.837
26.379 25.791
26.316 25.905
26.292 25.888
26.339 25.809
26.342 25.856
26.325 25.833
26.356 25.791
26.357 25.751
26.337 25.868
26.359 25.840
26.351 25.819
26.518 25.753
26.396 25.785
26.886 25.420
26.363 25.783
26.362 25.885
26.318 25.974
26.388 25.905
26.335 25.934
26.385 25.742
26.407 25.758
26.336 25.863
26.378 25.752
26.347 25.878
26.395 25.932
26.317 25.911
26.340 25.883
26.369 25.822
26.489 25.808
26.348 25.895
26.340 25.900
26.441 25.789
26.357 25.904
26.356 25.780
26.349 25.899
26.442 25.693
26.332 25.930
26.339 26.039
26.344 25.918
26.322 26.036
26.315 26.068
26.610 25.723
26.438 25.765
26.376 25.880
26.584 25.900
26.420 25.849
26.385 26.059
26.420 25.834
26.397 25.795
26.365 25.848
26.347 25.879
26.383 25.819
26.377 25.839
26.371 26.015
26.434 25.892
26.387 25.865
26.414 25.776
26.365 25.960
26.394 25.820
26.332 26.059
26.405 25.963
26.453 25.761
26.458 25.789
26.507 25.832
26.446 25.788
26.467 25.804
26.372 25.969
26.386 25.864
26.441 25.703
26.464 25.798
26.371 25.886
26.382 25.683
26.385 25.878
26.444 25.980
26.393 25.839
26.352 26.019
26.418 25.914
26.498 25.769
26.464 25.805
26.425 25.864
26.366 25.980
26.460 25.822
26.425 25.946
26.420 25.926
26.472 25.961
26.471 25.803
26.398 25.995
26.477 25.731
26.462 25.798
26.434 25.916
26.493 25.739
26.479 25.778
26.435 26.040
26.413 25.920
26.457 25.836
26.444 25.878
26.456 25.907
26.447 25.891
26.457 26.018
26.441 25.909
26.467 25.852
26.431 25.935
26.470 25.836
26.488 25.853
26.487 25.787
26.432 25.853
26.514 25.760
26.512 25.788
26.432 26.038
26.487 25.803
26.509 25.787
26.524 25.774
26.466 25.872
26.522 25.740
26.465 25.876
26.469 25.854
26.442 25.901
26.427 25.962
26.502 25.801
26.539 25.831
26.550 25.809
26.358 26.257
26.444 25.888
26.499 25.845
26.488 26.016
26.480 25.891
26.455 25.972
26.457 25.881
26.593 25.777
26.469 25.894
26.538 25.815
26.537 25.877
26.569 25.806
26.484 25.925
26.477 25.872
26.500 25.887
26.527 25.936
26.500 25.927
26.502 25.909
26.505 25.941
26.474 25.896
27.237 25.557
26.548 25.905
26.953 25.547
26.465 25.924
26.481 26.038
26.512 25.829
26.450 25.968
26.544 25.788
26.576 25.852
26.603 25.971
26.494 25.917
26.432 26.149
26.456 25.951
26.526 25.914
26.520 25.895
26.498 25.975
26.599 25.800
26.461 25.951
26.483 25.892
26.502 25.899
26.561 25.878
26.464 25.998
26.505 25.939
26.458 25.998
26.535 25.980
26.517 25.926
26.509 25.935
26.546 25.952
26.732 25.778
26.540 25.957
26.484 26.032
26.501 25.948
26.548 25.824
26.511 25.943
26.577 25.832
26.495 25.985
26.522 25.915
26.497 25.932
26.508 25.910
26.517 25.942
26.464 26.036
26.518 25.995
26.486 26.013
26.539 25.989
26.410 26.232
26.515 25.949
26.510 25.991
26.592 25.867
26.562 25.904
26.512 25.918
26.583 25.844
26.497 26.004
26.708 25.987
26.523 25.941
26.488 26.019
26.498 25.987
26.506 25.988
26.677 26.024
26.442 26.153
26.639 25.805
26.504 25.972
26.531 25.979
26.600 25.906
26.509 26.026
26.488 26.027
26.608 25.940
26.595 25.861
26.538 25.917
26.776 25.735
26.500 25.931
27.358 25.607
26.536 25.984
26.517 26.053
26.525 26.034
26.549 25.976
26.588 25.877
26.498 25.987
26.522 26.029
26.525 25.992
26.437 26.241
26.563 25.946
26.572 25.959
26.561 25.938
26.558 25.948
26.614 25.837
26.620 25.929
26.550 26.068
26.608 26.015
26.808 25.934
26.547 26.079
26.561 26.346
26.492 26.038
26.573 25.938
26.494 26.135
26.492 26.072
26.505 26.090
26.561 26.086
26.536 26.076
26.535 26.003
26.593 26.007
26.573 25.978
26.648 26.010
26.521 26.091
26.516 26.017
26.561 26.058
26.621 25.953
26.596 25.919
26.551 25.990
26.551 26.029
26.579 25.995
26.724 25.902
26.565 26.012
26.505 26.195
26.527 26.123
26.618 25.901
26.586 25.945
26.502 26.131
26.644 25.925
26.579 26.008
26.611 26.077
26.577 25.953
26.591 26.036
26.616 25.980
26.584 25.949
26.621 26.099
26.616 26.016
26.542 26.175
26.645 25.995
26.559 26.051
26.632 25.969
26.657 25.898
26.639 25.887
26.579 26.092
26.646 26.143
26.585 26.017
26.655 26.184
26.614 26.018
26.657 26.001
26.578 26.093
26.578 26.112
26.574 26.101
26.942 25.737
26.597 26.056
26.620 26.023
26.717 26.137
26.571 26.091
26.841 25.939
26.532 26.220
26.566 26.048
26.535 26.094
26.650 26.007
26.494 26.138
26.580 26.119
26.596 26.106
26.666 26.026
26.589 26.175
26.649 25.976
26.626 25.985
26.618 26.058
26.593 26.047
26.473 26.410
26.612 25.985
26.489 26.373
26.672 25.946
26.558 26.016
26.556 26.111
26.697 25.919
26.629 26.071
26.551 26.132
26.552 26.199
26.495 26.307
26.709 25.971
26.518 26.091
26.648 25.975
26.703 26.250
26.675 25.918
26.651 26.040
26.599 26.121
26.857 26.051
26.705 25.942
26.630 26.050
27.494 25.689
26.641 26.157
26.664 26.158
26.607 26.088
26.734 26.053
26.657 25.993
26.610 26.042
26.629 26.044
26.704 26.133
26.644 26.223
26.602 26.081
26.607 26.072
26.691 26.043
26.673 26.012
26.569 26.120
26.600 26.094
26.607 26.054
26.740 25.997
26.602 26.139
26.613 26.059
26.614 26.141
26.880 26.423
26.677 26.021
26.556 26.335
26.683 26.000
26.705 26.016
26.622 26.077
26.624 26.139
26.694 26.054
26.597 26.141
26.642 26.143
26.707 26.091
26.754 26.125
26.630 26.111
26.613 26.142
26.660 26.027
26.717 25.989
26.775 25.914
26.609 26.198
26.652 26.063
26.625 26.137
26.626 26.094
26.648 26.018
26.615 26.228
26.701 25.974
26.668 26.051
26.671 26.087
26.652 26.236
26.699 26.029
26.745 26.013
26.647 26.056
27.948 25.717
26.570 26.301
26.642 26.093
26.657 26.142
26.873 25.848
26.729 26.184
26.650 26.111
26.708 26.044
26.622 26.152
26.783 25.929
26.742 26.009
26.764 25.992
26.666 26.051
26.717 25.984
26.619 26.180
26.708 26.052
26.704 26.106
26.739 26.121
26.672 26.077
26.740 26.038
26.553 26.394
26.680 26.063
26.599 26.325
26.620 26.253
26.664 26.082
26.735 25.983
26.595 26.238
26.691 26.001
26.717 26.069
26.722 26.102
26.626 26.258
26.738 26.306
26.668 26.166
26.588 26.197
26.737 26.137
26.827 25.991
26.786 25.915
26.736 26.094
26.640 26.134
26.736 26.053
26.637 26.293
26.624 26.179
26.686 26.052
26.726 26.180
26.694 26.075
26.769 26.127
26.629 26.279
26.738 26.126
26.691 26.068
26.783 26.330
26.674 26.166
26.667 26.215
26.811 26.077
26.718 26.128
26.998 26.726
26.813 26.198
26.753 26.025
26.718 26.088
26.773 26.007
26.665 26.154
26.739 26.010
26.671 26.218
26.713 26.282
26.757 26.205
26.661 26.358
27.404 25.758
26.704 26.139
26.810 25.948
26.730 26.057
26.752 26.065
26.717 26.094
26.649 26.193
26.688 26.146
26.739 26.037
26.676 26.356
26.679 26.122
26.809 26.086
26.628 26.302
26.747 26.212
26.732 26.136
26.729 26.069
26.765 26.055
26.774 26.068
26.733 26.091
26.773 26.036
26.717 26.159
26.713 26.211
26.792 26.149
26.759 26.100
26.769 26.051
26.781 26.067
26.719 26.136
26.836 26.043
26.773 26.243
26.712 26.402
26.697 26.109
26.678 26.331
26.774 26.072
26.786 26.057
26.831 25.988
26.827 26.164
26.794 26.071
26.691 26.263
26.681 26.172
26.707 26.407
26.657 26.391
26.725 26.226
26.680 26.263
26.676 26.349
26.841 26.170
26.786 26.066
26.675 26.418
26.759 26.138
26.776 26.069
26.747 26.103
26.796 26.116
26.794 26.080
27.019 25.941
26.747 26.242
26.723 26.341
26.770 26.098
26.818 26.081
26.684 26.341
26.755 26.218
27.094 26.223
26.893 26.044
26.828 26.037
26.712 26.236
26.821 26.064
26.741 26.130
27.028 26.230
26.634 26.586
27.548 26.866
26.816 26.114
26.758 26.419
26.746 26.253
26.683 26.319
26.817 26.132
26.742 26.147
26.725 26.202
26.768 26.304
26.671 26.325
26.699 26.243
26.753 26.175
26.774 26.188
26.747 26.144
26.786 26.153
26.719 26.243
26.752 26.309
26.881 26.129
26.815 26.177
26.788 26.235
26.737 26.257
26.816 26.088
26.783 26.157
26.791 26.253
26.737 26.195
26.757 26.144
26.738 26.267
26.738 26.299
26.711 26.338
26.744 26.258
26.937 26.024
26.738 26.187
26.793 26.294
26.769 26.187
26.951 26.079
26.929 26.063
26.837 26.269
26.816 26.209
26.756 26.326
27.008 26.351
26.823 26.121
26.769 26.256
26.834 26.126
26.756 26.232
26.821 26.117
26.683 26.473
26.738 26.253
26.721 26.400
26.738 26.387
26.778 26.310
26.783 26.179
26.891 26.095
26.720 26.314
26.748 26.335
26.865 26.091
26.773 26.224
26.748 26.332
26.798 26.160
26.847 26.355
26.837 26.590
26.841 26.156
26.754 26.435
26.722 26.356
26.828 26.145
26.842 26.157
26.895 26.125
26.888 26.092
26.775 26.183
27.104 26.051
26.731 26.360
26.793 26.168
26.794 26.195
26.969 26.071
26.872 26.093
26.771 26.244
26.837 26.310
26.740 26.316
26.956 26.039
26.819 26.161
26.767 26.248
26.946 26.137
26.960 26.139
26.868 26.164
26.849 26.089
26.881 26.283
26.826 26.302
26.842 26.252
26.983 26.021
26.748 26.422
26.938 26.063
26.839 26.224
26.845 26.155
26.900 26.092
26.783 26.366
26.759 26.364
26.803 26.233
26.789 26.327
26.849 26.288
26.875 26.112
26.905 26.313
26.851 26.216
26.890 26.171
26.830 26.286
26.834 26.180
26.750 26.521
26.906 26.173
26.742 26.334
26.834 26.169
26.804 26.187
26.835 26.469
26.741 26.381
26.918 26.101
27.108 26.334
26.763 26.429
26.865 26.166
26.907 26.218
26.844 26.277
26.916 26.080
26.866 26.240
26.798 26.366
26.866 26.152
26.784 26.353
26.938 26.133
26.832 26.206
26.742 26.553
26.674 26.686
26.908 26.114
26.964 26.066
26.856 26.214
26.827 26.313
26.769 26.305
26.832 26.366
26.954 26.106
26.894 26.210
26.831 26.311
26.784 26.401
26.820 26.284
26.878 26.155
27.865 26.356
26.825 26.351
26.832 26.292
26.847 26.314
26.803 26.342
26.964 26.175
26.810 26.326
26.813 26.297
26.851 26.237
26.822 26.446
26.843 26.312
26.855 26.329
26.970 26.166
26.958 26.149
26.894 26.257
27.117 25.961
26.866 26.288
26.993 26.468
27.352 25.897
26.904 26.144
26.914 26.254
26.938 26.226
26.885 26.255
26.990 26.194
26.809 26.366
26.903 26.191
26.963 26.123
26.883 26.192
26.857 26.195
26.839 26.331
26.889 26.272
26.963 26.412
26.729 26.995
26.893 26.275
26.962 26.408
26.898 26.183
26.940 26.314
26.867 26.231
26.842 26.306
26.885 26.276
26.830 26.372
26.849 26.387
26.958 26.149
26.885 26.242
26.828 26.418
26.886 26.192
26.862 26.289
27.022 26.125
26.928 26.267
26.841 26.320
26.869 26.270
27.456 26.150
26.910 26.204
26.904 26.407
26.816 26.504
26.958 26.159
26.914 26.508
26.974 26.240
26.865 26.288
26.867 26.289
26.963 26.314
26.881 26.250
26.950 26.342
26.868 26.326
27.258 26.110
26.833 26.576
26.817 26.438
26.888 26.265
26.912 26.313
26.959 26.230
26.993 26.197
26.964 26.206
27.079 26.147
26.956 26.203
26.845 26.383
26.835 26.601
26.845 26.363
26.891 26.271
26.882 26.403
26.919 26.346
27.739 26.049
26.938 26.260
26.943 26.444
26.921 26.293
26.874 26.486
26.940 26.224
26.937 26.406
26.896 26.317
27.037 26.155
27.091 26.238
26.979 26.216
27.026 26.304
26.912 26.376
26.841 26.313
26.969 26.291
27.096 26.192
26.959 26.322
26.959 26.251
26.926 26.331
26.990 26.315
26.969 26.228
26.961 26.320
26.981 26.232
26.939 26.392
26.907 26.320
26.900 26.418
27.050 26.402
27.006 26.294
27.429 26.111
26.902 26.369
26.881 26.517
27.112 26.328
26.803 26.718
26.898 26.284
26.856 26.636
26.927 26.503
26.770 26.486
27.048 26.320
26.910 26.361
26.832 26.519
27.004 26.330
27.086 26.282
27.127 26.102
26.972 26.249
27.011 26.333
26.991 26.297
26.921 26.563
26.880 26.499
26.930 26.371
26.918 26.451
26.932 26.315
26.919 26.343
26.883 26.893
26.941 26.344
26.891 26.528
27.011 26.274
26.963 26.315
27.056 26.189
26.900 26.355
26.956 26.244
26.950 26.332
27.063 26.367
27.468 26.107
26.931 26.466
27.007 26.292
26.987 26.333
26.926 26.377
26.947 26.349
27.044 26.285
27.134 26.201
26.959 26.553
26.970 26.717
26.987 26.286
26.925 26.270
26.928 26.539
26.788 26.680
26.966 26.336
26.972 26.439
27.061 26.274
26.939 26.342
26.914 26.402
26.918 26.366
26.964 26.361
27.081 26.417
27.012 26.391
26.925 26.515
27.013 26.303
26.936 26.422
26.887 26.571
26.951 26.384
27.039 26.231
26.907 26.473
27.154 26.525
27.111 26.306
26.995 26.262
26.958 26.425
26.981 26.398
26.984 26.433
27.020 26.272
27.021 26.286
27.033 26.376
26.847 26.562
27.051 26.296
26.902 26.429
27.091 26.270
26.951 26.517
27.339 26.536
27.063 26.319
27.067 26.243
26.998 26.284
26.950 26.649
27.004 26.561
27.064 26.399
27.047 26.287
27.105 26.248
26.999 26.625
26.974 26.399
26.989 26.376
27.106 26.345
26.947 26.565
27.013 26.372
27.008 26.418
27.085 26.216
27.204 26.807
26.990 26.380
27.093 26.388
27.219 26.235
26.973 26.482
27.027 26.334
27.056 26.411
27.753 27.151
27.018 26.562
27.005 26.360
27.005 26.397
26.954 26.845
26.979 26.773
26.942 26.680
26.995 26.464
27.050 26.285
26.981 26.626
27.015 26.400
26.996 26.475
27.086 26.335
27.030 26.307
27.104 26.244
27.006 26.570
27.058 26.531
27.017 26.368
27.206 26.663
27.158 26.226
27.099 26.333
27.067 26.346
27.035 26.488
27.025 26.338
27.066 26.302
26.953 26.484
27.074 26.423
26.998 26.417
26.951 26.563
27.152 26.342
27.021 26.455
27.142 26.378
27.050 26.429
26.986 26.380
26.968 26.553
27.064 26.375
26.949 26.607
26.928 26.458
27.085 26.485
27.113 26.414
27.029 26.440
27.187 26.469
27.163 26.313
26.987 26.466
27.163 26.311
27.097 26.276
27.088 26.369
26.932 26.572
27.091 26.442
27.043 26.397
27.140 26.281
27.217 26.284
26.974 26.466
26.995 26.430
27.254 27.068
27.181 26.334
27.001 26.523
27.066 26.452
27.026 26.588
26.980 26.602
27.206 26.177
27.184 26.285
26.963 26.490
27.132 26.365
26.976 26.595
27.111 26.656
27.052 26.406
27.082 26.495
27.047 26.554
26.946 26.539
27.122 26.340
27.090 26.327
27.030 26.452
27.131 26.560
27.054 26.544
27.020 26.490
27.136 26.368
27.030 26.503
26.967 26.534
27.084 26.362
27.013 26.629
27.116 26.506
27.092 26.524
27.076 26.585
27.146 26.641
27.089 26.700
27.141 26.427
27.115 26.412
27.168 26.325
27.314 26.307
27.078 26.777
27.082 26.454
26.992 26.666
27.225 26.403
27.169 26.340
27.189 26.497
27.210 26.493
27.162 26.515
27.107 26.366
27.345 26.205
27.199 26.329
27.219 26.395
27.081 26.518
27.477 26.442
27.049 26.814
27.277 26.328
27.118 26.398
27.257 26.365
27.122 26.392
27.202 26.454
27.152 26.348
27.023 26.591
27.085 26.660
27.018 26.548
27.047 26.629
27.114 26.478
27.187 26.466
27.078 26.462
27.199 26.498
27.008 26.724
27.074 26.471
26.998 26.872
27.133 26.532
27.275 26.333
27.258 26.828
27.047 27.030
27.120 26.487
27.163 26.647
27.099 26.588
27.293 26.308
27.157 26.534
27.174 26.485
27.204 26.373
27.168 26.589
27.095 26.743
27.143 26.554
27.124 26.619
27.054 26.637
27.204 26.573
27.081 26.538
27.098 26.410
27.118 26.846
27.073 26.655
27.097 26.706
27.196 26.759
27.140 26.394
27.291 26.417
27.314 26.822
27.338 26.520
27.465 26.199
27.053 26.555
27.114 26.591
27.041 26.702
27.051 26.732
27.186 26.319
27.228 26.534
27.227 26.421
27.143 26.424
27.387 26.480
27.152 26.605
27.084 26.798
27.149 26.517
27.145 26.604
27.161 26.534
27.113 26.674
27.225 26.612
27.371 26.533
27.182 26.543
27.224 26.664
27.266 26.598
27.147 26.413
27.117 26.637
27.207 26.607
27.198 26.484
27.131 26.769
27.139 26.481
27.167 26.570
27.088 26.564
27.023 26.487
27.022 26.675
27.055 26.661
27.487 26.268
27.123 26.802
27.286 26.392
27.257 26.343
27.137 26.661
27.229 26.410
27.171 26.655
27.086 26.598
27.149 26.537
27.175 26.408
27.239 26.457
27.270 26.370
27.196 26.444
27.169 26.563
27.301 26.514
27.050 26.738
27.212 26.834
27.227 26.515
27.163 26.536
27.309 26.621
27.121 26.637
27.154 26.851
27.219 26.588
27.336 26.372
27.172 26.452
27.321 26.660
27.148 26.523
27.332 26.407
27.503 27.301
27.220 26.464
27.234 26.742
27.115 26.715
27.468 26.411
27.894 27.200
27.188 26.501
27.131 26.697
27.271 26.563
27.475 26.342
27.573 26.213
27.087 26.724
27.111 26.676
27.308 26.426
27.253 26.617
27.654 26.325
27.127 26.782
27.134 26.656
27.314 26.310
27.199 26.491
27.126 26.682
27.325 26.544
27.074 27.136
27.232 27.058
27.119 26.717
27.303 26.414
27.036 26.813
27.110 26.695
27.134 26.697
27.263 26.428
27.116 26.958
27.175 26.483
27.250 26.995
27.465 26.361
27.151 26.638
27.183 26.693
27.222 26.580
27.144 26.575
27.204 26.615
27.295 26.500
27.147 26.535
27.350 26.625
27.078 26.805
27.194 26.504
27.315 26.537
27.186 26.640
27.128 26.661
27.343 26.583
27.203 26.640
27.229 26.443
27.181 26.682
27.075 26.876
27.286 26.749
27.218 26.592
27.167 26.650
27.160 26.561
27.235 26.658
27.303 26.709
27.260 26.549
27.241 26.648
27.272 26.457
27.266 26.648
27.366 26.466
27.317 26.493
27.149 26.616
27.313 26.529
27.278 26.451
27.236 26.504
27.466 26.368
27.476 26.569
27.142 26.775
27.645 26.295
27.433 26.756
27.316 26.534
27.266 26.543
27.117 27.007
27.163 26.610
27.177 26.713
27.259 26.639
27.103 26.964
27.442 26.743
27.199 26.781
27.261 26.539
27.189 26.615
27.242 26.561
27.393 26.594
27.305 26.614
27.244 26.955
27.364 26.620
27.471 26.410
27.576 26.746
27.163 26.849
27.210 27.126
27.224 26.537
27.221 26.795
27.222 26.520
27.256 26.809
27.250 26.646
27.214 26.531
27.260 26.705
27.446 26.507
27.256 26.578
27.354 26.466
27.366 26.449
27.312 26.617
27.171 26.663
27.216 26.971
27.318 26.639
27.410 26.472
27.344 26.578
27.299 26.733
27.217 26.597
27.302 26.806
27.433 26.586
27.184 26.850
27.190 27.160
27.287 26.557
27.260 26.640
27.212 26.750
27.187 26.778
27.270 26.550
27.154 26.737
27.485 26.665
27.253 26.683
27.233 26.604
27.540 26.872
27.024 27.252
27.331 26.565
27.631 26.608
27.638 26.420
27.422 26.635
27.365 26.656
27.272 26.774
27.278 26.656
27.254 26.825
27.689 26.400
27.317 26.670
27.243 26.634
27.284 26.575
27.379 26.578
27.757 26.886
27.211 26.776
27.193 26.771
27.314 26.674
27.383 26.812
27.432 26.821
27.264 26.844
27.476 26.640
27.238 26.769
27.362 26.663
27.273 27.069
27.396 26.588
27.278 26.640
27.558 26.563
27.212 26.811
27.518 26.558
27.241 26.795
27.337 26.790
27.310 26.623
27.591 26.418
27.488 26.436
27.330 26.626
27.252 26.657
27.321 26.813
27.342 26.700
27.367 26.703
27.412 26.596
27.379 26.641
27.456 26.428
27.220 26.673
27.201 26.906
28.152 26.333
27.528 26.668
27.495 26.561
27.427 26.516
27.365 26.516
27.222 26.797
27.376 26.736
27.605 26.589
27.290 26.951
27.452 26.965
27.328 26.630
27.402 26.741
27.226 27.013
27.648 26.392
27.456 26.518
27.374 26.703
27.376 26.535
27.228 26.718
27.574 26.454
27.290 26.812
27.337 26.775
27.437 26.581
27.373 26.719
27.355 26.565
27.285 26.697
27.357 26.766
27.770 27.246
27.420 26.663
27.324 26.709
27.288 26.699
27.284 26.638
27.291 26.827
27.651 26.496
27.217 27.098
27.310 26.962
27.430 26.672
27.264 26.748
27.519 26.598
27.408 26.574
27.408 26.796
27.320 26.922
27.227 27.043
27.802 26.721
27.511 26.669
27.596 27.003
27.456 26.574
27.248 26.772
27.445 26.644
27.452 26.624
27.349 26.707
27.461 26.958
27.298 26.948
27.536 26.915
27.558 26.540
27.784 26.752
27.279 26.767
27.471 26.679
27.444 27.158
27.429 26.526
27.962 26.577
27.289 26.849
27.402 26.665
27.345 26.736
27.416 26.548
27.441 26.691
28.175 26.566
27.397 26.661
27.585 26.533
27.231 27.046
27.497 26.841
27.600 26.550
27.275 27.244
27.566 26.612
27.419 26.627
27.361 26.808
27.508 26.620
27.565 26.722
28.032 27.356
27.922 26.462
27.300 26.964
27.319 27.085
27.362 26.813
27.543 26.900
27.493 26.610
27.500 26.750
27.542 26.573
27.354 26.835
27.619 26.587
27.254 26.977
27.351 26.797
27.580 26.518
27.310 26.834
27.434 26.790
27.337 26.836
27.396 26.617
27.614 26.705
27.503 26.758
27.313 26.747
27.699 26.641
27.467 26.735
27.444 26.663
27.435 27.125
27.338 27.045
27.294 26.744
27.739 26.742
27.349 26.844
27.509 26.787
27.856 26.751
27.705 26.581
27.532 27.157
27.353 26.970
27.841 26.668
27.418 26.625
27.407 26.823
27.652 26.596
27.293 26.829
27.505 26.818
27.758 26.717
27.411 26.926
27.411 26.734
27.490 26.633
27.454 26.913
27.456 27.110
28.031 26.824
27.327 27.130
27.538 26.872
27.438 26.795
27.593 26.802
27.418 26.692
27.369 26.805
27.357 27.029
27.469 26.714
27.473 26.808
27.569 26.870
27.307 27.193
27.321 26.840
27.382 27.092
27.447 26.623
27.540 26.629
27.407 26.867
27.532 26.527
27.600 26.652
27.531 26.944
27.455 27.134
27.391 27.183
27.488 26.611
27.192 27.267
27.403 26.871
27.356 27.012
27.575 26.715
27.471 26.692
27.615 26.528
27.342 27.006
27.400 26.878
27.280 27.127
27.525 26.616
27.592 27.196
27.420 26.772
27.506 26.662
27.563 26.705
27.599 27.103
27.643 27.117
27.452 26.889
27.527 26.695
27.557 26.761
27.449 26.731
27.439 26.789
27.369 27.020
27.409 27.117
27.590 26.610
27.502 26.703
27.378 26.826
27.599 26.820
27.412 26.821
27.418 26.962
27.578 26.972
27.697 26.647
27.548 26.695
27.668 26.565
27.821 26.892
27.486 26.802
27.681 26.636
27.475 26.984
27.299 27.116
27.537 26.646
27.495 26.761
27.476 26.750
27.395 26.913
27.820 26.619
27.718 26.568
27.606 26.703
27.682 26.917
27.350 26.953
27.501 27.025
27.669 26.672
27.446 26.987
27.467 27.078
27.959 26.996
27.545 26.976
27.511 26.835
28.059 27.377
27.429 27.052
27.565 26.745
27.421 26.766
27.588 26.611
27.404 26.874
27.803 26.689
27.337 26.968
27.474 26.885
27.419 26.851
27.427 26.899
27.669 26.902
27.743 26.716
27.641 26.688
27.537 26.762
27.652 26.905
27.565 26.698
27.582 26.705
27.816 26.864
27.543 26.709
27.551 27.008
27.592 26.661
27.675 27.163
27.598 26.914
27.431 26.917
27.459 26.634
27.485 26.905
27.396 27.068
27.577 26.850
27.376 27.027
27.860 27.165
27.385 27.134
27.380 27.182
27.440 26.868
28.009 27.026
28.027 26.545
27.647 26.788
28.200 27.250
27.585 26.866
27.509 26.801
27.498 27.150
27.444 26.897
27.396 26.849
27.749 26.733
27.396 27.175
27.570 26.771
27.454 26.853
27.727 26.758
28.222 27.002
27.422 27.161
27.462 26.956
27.498 27.157
27.555 26.802
27.708 26.759
27.683 27.008
27.492 27.265
27.556 26.764
27.746 27.036
27.562 26.962
27.619 26.714
28.110 27.045
27.574 26.771
27.578 27.006
27.707 26.756
27.769 26.912
27.537 26.929
27.623 27.097
27.580 26.772
27.680 26.823
27.476 26.975
27.455 27.288
27.598 26.771
27.664 27.129
27.593 26.938
27.655 26.856
27.718 27.084
27.458 27.320
27.688 27.145
27.482 27.105
27.627 26.901
27.547 26.968
27.679 26.708
27.525 27.221
27.799 27.175
27.794 26.899
27.495 27.013
27.976 27.239
27.633 26.819
27.813 27.188
27.385 27.157
27.595 26.776
28.004 26.767
27.927 26.895
27.598 27.008
27.435 27.363
27.648 26.753
27.744 27.225
27.410 26.917
27.851 26.921
27.446 26.947
27.881 26.793
27.764 26.823
27.606 26.911
27.692 26.895
27.622 26.744
27.631 26.963
27.522 27.038
27.934 26.796
27.605 26.985
27.513 27.172
27.516 26.945
27.618 26.840
27.630 27.067
27.717 26.923
27.543 26.903
27.732 27.417
27.542 27.192
27.833 26.702
27.688 26.935
27.554 26.907
27.828 26.626
27.847 26.919
27.558 26.997
27.793 26.969
27.526 26.953
27.617 26.962
27.536 26.988
27.698 26.822
27.639 27.318
27.996 26.754
27.630 26.871
27.859 26.885
27.607 26.854
27.801 26.819
27.998 26.992
27.489 27.057
27.456 27.136
27.769 27.039
27.482 26.997
27.727 26.802
27.591 27.056
27.757 26.973
27.660 27.051
27.470 27.092
27.714 27.108
27.747 26.856
27.744 27.031
27.688 26.955
27.691 26.946
27.586 27.081
27.498 27.268
27.461 27.138
27.618 26.943
27.639 27.179
27.555 26.987
27.890 26.756
27.873 26.901
27.739 27.225
27.827 27.045
27.709 26.934
27.563 26.962
27.477 27.151
27.677 26.837
27.867 27.023
27.533 27.359
27.550 27.180
27.809 26.840
27.979 26.700
27.468 27.266
27.542 27.208
27.613 26.840
27.632 27.179
27.631 26.899
27.791 27.261
27.897 26.978
27.671 26.953
27.840 27.029
27.732 27.040
27.736 26.743
27.722 26.910
27.689 27.271
27.930 27.075
27.609 27.059
27.696 27.136
27.728 26.853
28.048 26.871
27.543 27.218
27.725 27.124
27.639 27.197
28.054 26.928
27.556 27.281
28.029 27.142
27.742 26.799
27.735 26.937
27.674 26.853
28.102 27.226
27.791 26.834
28.089 26.695
27.843 26.944
27.752 27.127
27.628 27.281
27.724 26.780
27.918 27.251
27.853 26.902
27.834 26.799
27.559 27.353
28.081 26.930
27.817 27.007
27.850 26.915
27.767 26.847
27.715 27.021
27.950 26.830
27.847 26.973
27.847 26.839
27.841 27.176
27.934 26.809
27.742 26.984
27.655 27.283
28.207 27.215
27.720 27.221
27.578 27.309
27.849 27.028
28.105 26.792
27.810 27.178
27.678 27.150
27.680 26.965
27.819 27.080
27.820 27.155
27.679 27.058
28.002 26.868
27.818 27.168
27.790 27.092
27.704 26.972
27.873 26.924
27.682 27.262
27.771 26.936
27.851 27.135
27.712 26.933
27.923 26.828
27.565 27.250
27.771 27.135
27.798 26.979
27.635 27.178
27.726 27.323
27.708 27.180
27.746 27.006
28.118 26.859
27.975 27.005
27.805 27.390
27.777 27.167
28.084 26.873
28.074 27.083
27.819 27.081
27.798 27.254
28.006 27.155
28.076 27.227
27.753 27.394
27.652 27.264
27.983 26.978
27.645 27.087
27.840 27.082
27.773 27.225
27.908 27.018
27.744 26.875
27.781 27.086
28.046 26.908
27.955 27.139
27.916 26.845
27.650 27.142
27.765 27.247
27.661 27.259
27.899 27.287
27.925 27.294
28.003 26.901
27.884 26.945
27.861 27.240
27.994 27.141
27.740 27.134
27.874 27.185
27.927 27.067
27.884 26.933
27.843 27.022
27.768 27.107
27.711 27.343
27.845 27.034
27.845 27.003
28.007 26.892
28.162 26.879
28.075 26.932
27.812 27.042
27.944 27.032
28.084 26.914
28.089 26.817
27.912 27.098
27.728 27.292
27.859 27.018
27.775 27.164
27.903 26.966
