25.778000 20.473000
27.096001 21.589001
27.194000 22.226000
23.753000 20.903999
25.650000 21.462000
24.524000 21.222000
26.441000 21.780001
23.896000 21.038000
24.783001 21.459999
25.094000 21.577999
25.431000 21.818001
23.495001 21.459999
26.527000 22.547001
24.618999 21.844000
23.591000 21.628000
25.340000 22.177999
23.565001 21.568001
25.400000 22.771999
25.385000 22.486000
25.250999 22.549999
25.033001 22.636000
25.473000 22.697001
25.542000 22.674999
23.847000 22.162001
25.075001 22.665001
25.259001 22.909000
22.677000 22.181999
24.113001 22.597000
22.657000 22.503000
26.091000 23.250999
24.193001 22.674999
24.695000 22.872999
24.566999 22.768000
26.118999 23.306000
25.504999 23.207001
26.702999 23.618000
25.896999 23.384001
23.150999 22.806000
25.660999 23.362000
25.780001 23.257000
23.163000 22.965000
25.311001 23.434000
23.219000 22.966000
25.670000 23.132000
23.353001 23.080999
24.223000 23.090000
26.976000 23.903999
23.448000 23.034000
26.378000 23.702000
23.362000 23.114000
23.496000 23.285000
26.604000 23.691999
25.955999 23.490000
24.091999 23.170000
27.323000 23.978001
23.611000 23.247999
26.179001 23.663000
25.726999 23.834000
25.978001 23.680000
23.903999 23.514000
29.089001 26.871000
25.604000 23.608999
27.089001 23.940001
26.493000 24.040001
23.827000 23.437000
25.868999 23.715000
26.447001 23.975000
26.290001 23.896999
24.197001 23.577999
26.415001 23.995001
26.686001 24.084999
26.112000 23.924000
23.878000 23.690001
25.997000 24.108999
26.105000 24.194000
27.218000 24.410000
25.951000 23.705999
25.944000 23.955999
24.525000 23.679001
26.098000 24.200001
26.306999 23.978001
24.049999 23.966000
25.799000 24.021000
26.516001 24.177999
26.834999 24.458000
27.118000 24.306999
26.358999 24.228001
26.587000 24.445000
26.309999 24.271000
26.180000 24.174999
24.131001 23.919001
26.577000 24.261000
26.382999 24.296000
26.662001 24.489000
25.996000 24.160000
24.448999 24.014000
26.514999 24.353001
24.329000 23.973000
24.351999 23.905001
24.377001 24.020000
24.351999 24.011000
25.959999 24.247999
25.796000 24.153000
24.812000 24.059999
26.677999 24.660999
24.358000 24.042999
26.468000 24.492001
24.568001 24.259001
25.882000 24.355000
26.311001 24.273001
25.802999 24.302999
27.523001 24.698000
24.576000 24.066000
24.545000 24.309999
27.004000 24.677999
27.059000 24.840000
27.639999 25.577000
26.273001 24.370001
27.752001 24.830000
24.607000 24.301001
24.452000 24.408001
24.436001 24.237000
24.708000 24.479000
27.127001 24.716999
24.600000 24.127001
26.472000 24.466000
24.539000 24.469000
26.309999 24.414000
26.146000 24.490000
26.339001 24.410000
26.601000 24.594999
26.447001 24.441999
24.652000 24.580999
26.157000 24.221001
26.660000 24.549999
26.575001 24.584000
25.982000 24.283001
24.900000 24.618999
26.139000 24.497999
26.292999 24.420000
26.035000 24.452999
25.146999 24.483999
27.118000 24.809000
25.552999 24.216000
27.180000 24.709999
25.917999 24.775000
26.702999 25.068001
24.802000 24.450001
24.704000 24.506001
24.804001 24.459000
26.323000 24.473000
25.131001 24.681999
28.358999 24.983999
24.738001 24.688999
27.332001 24.875999
26.208000 24.507000
28.833000 27.514999
26.148001 25.721001
26.584000 24.500000
25.993000 24.648001
25.349001 24.891001
25.396999 24.690001
26.343000 24.240000
26.584000 24.934999
26.452000 24.656000
25.098000 24.915001
25.032000 24.836000
26.912001 24.646999
29.240999 25.207001
27.452000 25.530001
26.988001 25.054001
24.997000 24.759001
26.771000 24.614000
25.315001 24.709000
99.999001 99.999001
26.521000 24.570999
27.742001 27.948999
26.604000 24.726999
25.257000 24.840000
27.591000 26.097000
26.924999 25.104000
26.386999 24.966999
25.198000 24.495001
27.943001 25.032000
26.864000 25.143000
29.250999 26.245001
27.257000 25.618999
26.878000 25.198000
25.229000 24.631001
25.132000 24.927999
27.486000 24.893000
27.358999 24.552000
25.837000 25.539000
29.052000 25.275999
99.999001 99.999001
25.291000 24.986000
25.701000 25.511000
25.535999 24.990000
26.559999 25.021000
26.021999 24.937000
26.351000 24.756001
25.393000 24.878000
26.176001 25.018000
27.278000 25.061001
26.740000 25.573000
26.167000 24.770000
25.273001 25.048000
26.198999 24.940001
26.287001 25.063999
25.268000 25.385000
25.344000 25.033001
27.003000 24.892000
25.736000 24.893999
25.362000 25.322001
25.562000 24.872000
25.615999 25.347000
26.070000 24.521999
27.018999 24.896000
25.853001 25.353001
28.806999 27.452000
25.701000 25.246000
27.103001 25.173000
25.639999 25.593000
27.669001 26.733000
28.167000 26.516001
25.745001 25.421000
27.104000 25.448999
27.886000 25.754999
27.420000 25.684999
26.914000 25.643000
27.243999 25.826000
25.972000 25.280001
26.177000 25.309000
26.096001 26.139999
25.600000 25.233000
25.988001 25.240000
99.999001 99.999001
26.948000 25.215000
25.634001 25.271999
25.768000 25.462999
26.108000 25.570000
26.469999 25.926001
25.900999 25.582001
26.083000 25.489000
26.368000 25.424999
26.708000 25.827999
25.819000 26.051001
29.443001 25.528000
25.721001 25.830999
27.138000 25.730000
27.016001 25.169001
26.568001 26.004000
26.457001 25.422001
28.013000 25.502001
26.169001 25.892000
27.237000 25.611000
30.666000 26.101999
26.587000 26.215000
26.761999 25.252001
26.434999 26.777000
26.032000 26.014000
25.943001 25.853001
27.625000 25.532000
27.007999 25.615000
27.396000 25.610001
26.181000 25.711000
27.403999 26.936001
26.552000 26.686001
99.999001 99.999001
27.209000 25.179001
25.940001 26.288000
26.712999 26.730000
26.284000 25.613001
26.164000 25.635000
27.816000 25.752001
26.695999 25.733000
26.027000 25.778999
27.510000 25.410000
26.691000 25.820000
28.471001 26.621000
27.308001 26.125000
26.608999 26.236000
26.473000 25.868000
28.197001 26.622000
26.219999 25.936001
26.410000 25.878000
27.146999 25.506001
30.007999 26.077000
27.018000 26.417999
27.228001 26.113001
26.444000 26.753000
27.207001 25.555000
26.521999 26.268000
27.726000 25.808001
28.308001 26.830999
27.979000 26.820999
26.247000 26.275000
27.048000 27.556999
26.329000 27.362000
27.441999 26.016001
99.999001 27.250000
27.295000 26.723000
27.521999 25.931999
27.322001 26.594999
28.127001 26.819000
27.996000 25.934999
99.999001 99.999001
27.808001 26.517000
28.686001 26.297001
99.999001 27.024000
99.999001 99.999001
27.836000 27.016001
99.999001 99.999001
27.531000 26.688999
99.999001 99.999001
28.688000 27.608000
