27.031000 20.951000
21.302000 18.164000
28.445999 22.709000
26.031000 20.966999
99.999001 22.627001
26.745001 20.898001
26.445999 21.830999
26.370001 21.245001
25.757999 21.363001
32.002998 22.566999
99.999001 23.066999
26.909000 21.695999
27.257000 21.854000
27.039000 22.388000
25.349001 21.179001
26.879999 21.548000
25.660999 21.278000
26.687000 21.601999
24.709000 20.909000
25.909000 21.681999
27.791000 22.395000
25.332001 21.370001
25.289000 21.313999
23.948000 20.806000
23.875000 20.868000
23.504999 20.686001
29.150000 22.357000
25.194000 21.308001
25.680000 21.554001
24.105000 20.919001
26.615000 22.083000
26.202000 22.433001
25.893000 21.650999
27.204000 22.254999
28.733000 22.358999
28.646000 22.850000
23.563000 20.893000
23.848000 20.997999
25.356001 21.535000
24.898001 21.527000
24.600000 21.289000
24.570000 21.316000
25.596001 21.773001
24.974001 21.504999
25.077000 21.561001
25.716000 21.698999
25.475000 21.759001
23.552000 20.997999
25.344999 21.636999
26.007999 21.936001
25.816000 21.874001
24.292000 21.330999
26.000999 21.950001
24.408001 21.447001
25.584999 21.855000
26.108999 22.059999
25.344000 21.851000
25.504000 21.864000
25.146000 21.722000
23.990000 21.462000
25.568001 21.937000
25.580999 21.879000
25.014999 21.690001
24.577999 21.534000
24.417000 21.539000
24.790001 21.641001
25.068001 21.729000
25.718000 21.973000
25.514999 21.878000
26.299000 22.205000
25.215000 21.938999
25.309999 21.853001
25.174000 21.844000
24.278000 21.570999
25.225000 21.816000
25.273001 21.863001
25.402000 21.966999
26.153999 22.105000
24.191999 21.613001
24.455000 21.548000
26.921000 22.537001
25.037001 21.902000
25.622000 22.118999
25.346001 22.063000
25.950001 22.129000
25.420000 22.072001
25.084999 21.948999
24.471001 21.822001
25.607000 22.167000
25.205000 22.098000
25.777000 22.233999
25.059999 22.044001
25.551001 22.139000
22.636000 21.273001
25.136999 22.070000
26.764999 22.969000
25.139000 22.150000
24.874001 21.972000
24.625999 21.921000
25.694000 22.240999
26.218000 22.516001
25.812000 22.313000
25.833000 22.384001
25.858999 22.392000
25.403000 22.205000
24.966999 22.146999
26.676001 23.077999
25.941000 22.461000
25.021999 22.149000
26.174000 22.586000
25.193001 22.271000
24.285000 22.042000
25.295000 22.336000
24.735001 22.087000
24.878000 22.129000
26.209999 22.509001
25.129000 22.181000
25.326000 22.312000
26.134001 22.590000
29.412001 24.330000
25.448999 22.381001
25.584999 22.577000
24.813999 22.209999
25.441000 22.301001
26.608999 22.778999
25.782000 22.539000
25.295000 21.937000
24.437000 22.113001
26.111000 22.653000
24.379999 22.101999
25.406000 22.462999
24.844000 22.298000
24.601000 22.254999
25.049999 22.322001
25.167000 22.316000
24.163000 22.079000
24.368000 22.205000
24.930000 22.275000
24.563999 22.284000
25.547001 22.502001
25.943001 22.763000
24.794001 22.226999
25.358999 22.311001
24.862000 22.386999
25.541000 22.538000
26.155001 22.745001
24.690001 22.521999
25.129000 22.410999
28.362000 24.540001
25.115999 22.455999
25.874001 22.691999
25.837999 22.806999
25.639000 22.650999
25.170000 22.534000
25.792999 22.715000
25.726999 22.663000
24.974001 22.468000
25.115999 22.587999
25.827999 22.575001
24.733999 22.451000
26.266001 22.927000
27.417000 23.819000
25.698000 22.662001
25.139999 22.539000
25.363001 22.562000
25.591999 22.757000
25.091999 22.549000
27.378000 23.315001
25.874001 22.780001
25.204000 22.631001
23.908001 22.170000
25.024000 22.545000
26.153999 22.875999
24.670000 22.444000
24.084999 22.219999
25.728001 22.862000
25.402000 22.725000
25.643999 22.825001
26.176001 23.000000
25.905001 23.033001
25.521999 22.792000
25.539000 22.757000
25.736000 22.834000
27.723000 23.667000
26.031000 23.099001
25.854000 22.885000
25.931000 23.014999
25.171000 22.705999
25.204000 22.721001
25.396999 22.624001
26.021999 23.039000
26.058001 22.976999
25.441000 22.978001
25.931000 23.059000
25.315001 22.799999
25.308001 22.820999
28.230000 24.730000
25.747999 22.889999
26.813999 23.372000
99.999001 27.983999
25.594999 22.958000
25.912001 22.893999
25.448999 22.872999
25.429001 22.884001
24.198000 22.445999
25.360001 22.892000
25.872000 23.020000
26.261000 23.191999
26.191999 23.113001
25.655001 23.096001
25.638000 23.039000
25.176001 22.712999
25.393000 22.895000
25.257000 22.893000
25.289000 22.910999
25.617001 22.937000
25.742001 22.997000
25.344000 22.954000
25.740000 22.822001
25.389000 22.926001
26.752001 23.278999
25.806000 22.945000
26.239000 23.211000
25.924000 23.125999
25.299000 22.830000
25.938000 23.073000
25.082001 22.943001
25.090000 22.796000
25.497999 22.993000
25.084999 22.757999
25.740999 23.030001
25.563000 23.010000
25.180000 22.924999
24.865000 22.820999
26.711000 24.160999
25.686001 23.038000
26.122000 23.299000
25.797001 23.177000
25.527000 23.021000
27.127001 99.999001
25.523001 23.035999
25.448999 22.895000
25.846001 23.312000
25.129000 22.914000
25.023001 22.922001
25.259001 22.863001
25.608000 23.115999
25.110001 22.931000
25.504000 23.061001
26.065001 23.260000
28.183001 23.955999
25.288000 23.062000
27.247999 23.573000
25.732000 23.194000
25.761000 23.198000
25.552999 23.139999
25.634001 23.224001
25.554001 23.127001
24.927000 22.827000
25.910999 23.239000
26.055000 23.237000
25.218000 22.976000
25.764999 23.173000
25.892000 23.273001
26.666000 23.594000
25.782000 23.229000
25.006001 22.986000
25.834000 23.260000
26.350000 23.466999
25.033001 22.940001
26.372000 23.458000
24.879999 23.046000
25.760000 23.208000
26.305000 23.434999
25.834999 23.280001
25.889999 23.337999
26.415001 23.402000
25.546000 23.277000
25.933001 23.413000
25.129999 23.127001
25.830999 23.386000
25.565001 23.188999
26.041000 23.313999
25.716999 23.191000
27.535000 24.568001
23.112000 22.797001
26.874001 23.629999
25.225000 23.075001
25.362000 23.139999
26.417000 23.441999
25.332001 23.181999
25.545000 23.207001
26.030001 23.294001
25.621000 23.292999
25.591999 23.301001
25.671000 23.333000
25.573999 23.313999
25.070000 23.188999
26.274000 23.500999
27.461000 23.881001
25.225000 23.164000
25.853001 23.357000
27.179001 24.002001
25.480000 23.278999
26.500999 23.627001
25.590000 23.365000
25.604000 23.285999
26.108999 23.448999
25.020000 23.153999
25.653999 23.356001
25.511999 23.223000
25.020000 23.132000
23.799999 23.066000
26.150000 23.542999
25.365999 23.191999
25.521999 23.315001
27.287001 23.771000
25.959999 23.415001
25.278999 23.247999
25.770000 23.364000
24.653000 23.002001
25.674999 23.329000
25.798000 23.448000
25.327999 23.263000
25.273001 23.263000
25.566999 23.337999
25.620001 23.406000
26.017000 23.208000
25.399000 23.245001
25.329000 23.316999
25.982000 23.502001
25.514999 23.375000
25.837000 23.452000
25.618000 23.459000
25.857000 23.521999
26.846001 23.819000
25.441000 23.492001
25.091999 23.198000
26.316999 23.615000
25.584999 23.372999
26.202999 23.528999
25.864000 23.299999
26.643999 23.681000
26.049000 23.520000
26.393000 23.613001
30.257000 24.159000
25.421000 23.379000
25.823999 23.417000
26.393000 23.677999
26.332001 23.726999
26.163000 23.577000
25.947001 23.584000
25.612000 23.302000
26.155001 23.698999
25.875000 23.563000
26.681999 23.792000
25.278000 23.260000
26.739000 23.826000
26.558001 23.618000
26.299000 23.702999
26.222000 23.679001
25.618999 23.438000
26.340000 23.646999
26.493000 23.645000
26.569000 23.715000
26.143000 23.528000
25.533001 23.254000
27.989000 24.285999
25.737000 23.490999
25.597000 23.725000
26.129999 23.767000
26.878000 24.038000
25.396000 23.437000
26.426001 23.768000
27.117001 23.819000
26.309000 23.653000
26.511999 23.766001
26.259001 23.655001
26.399000 23.955000
26.976000 23.968000
26.367001 23.607000
31.662001 26.875000
25.756001 23.377001
25.167999 23.355000
26.809000 24.204000
25.555000 23.517000
26.240999 23.802000
25.608000 23.481001
26.386000 23.805000
25.778999 23.631001
26.132000 23.783001
25.774000 23.606001
25.254999 23.457001
25.421000 23.542999
26.576000 23.808001
26.377001 23.768000
23.478001 23.274000
26.413000 23.822001
26.181000 23.719999
25.716000 23.469999
25.636999 23.473000
25.073999 23.334999
25.424999 23.499001
25.726999 23.618000
26.580999 23.861000
25.639999 23.612000
25.500999 23.570000
25.957001 23.620001
28.045000 25.110001
26.256001 23.649000
26.348000 24.282000
26.649000 23.827999
26.167999 23.784000
99.999001 25.445999
25.927000 23.743000
25.297001 23.518000
25.841999 23.646000
25.971001 23.711000
99.999001 25.110001
25.590000 23.605000
25.750999 23.539000
26.936001 24.100000
25.465000 23.500000
26.202000 24.127001
26.653000 24.089001
25.412001 23.624001
25.495001 23.474001
25.558001 23.580000
26.863001 23.903000
25.886000 23.804001
25.929001 23.559999
27.070999 23.950001
99.999001 24.608999
26.025000 23.811001
25.856001 23.681999
25.742001 23.754999
25.875999 23.738001
25.479000 23.596001
26.313999 23.701000
27.466999 24.108999
25.534000 23.548000
25.423000 23.676001
25.716000 23.605000
26.065001 23.827000
27.896000 24.455999
25.701000 23.820000
26.254000 23.849001
25.788000 23.823999
25.546000 23.573000
28.556000 24.568001
26.191000 24.051001
26.042999 23.799999
26.143000 23.663000
26.945999 24.059000
25.499001 23.638000
26.500000 24.028999
25.378000 23.330999
26.415001 23.943001
25.597000 23.714001
26.362000 23.653999
25.368000 23.625000
26.118999 23.908001
29.320000 25.420000
25.728001 23.799999
26.216999 23.969000
25.444000 23.659000
25.997999 23.650000
25.351999 23.657000
25.296000 23.697001
25.731001 23.756001
26.711000 24.069000
25.302000 23.525999
26.399000 24.195000
27.208000 24.125000
26.235001 23.966000
25.761000 23.783001
25.726999 23.782000
25.773001 23.867001
26.586000 23.806000
25.632000 23.788000
25.737000 23.813999
28.509001 26.226999
27.596001 24.721001
25.950001 23.856001
26.732000 24.316000
26.048000 23.896000
26.466999 23.934999
25.268999 23.318001
27.410999 24.483000
25.750000 23.750999
26.492001 24.056000
28.893999 25.618999
27.033001 24.091000
26.292000 24.052999
25.976000 23.809999
25.867001 23.927999
25.458000 23.628000
26.219000 24.004999
25.819000 23.811001
26.341999 23.929001
26.899000 24.108000
26.671000 24.136999
27.455000 24.343000
26.162001 24.004999
25.823000 23.841999
25.816000 23.815001
27.989000 25.485001
25.924999 23.936001
26.777000 24.037001
25.764999 23.844000
25.604000 23.746000
23.854000 23.591999
26.639000 23.900999
27.399000 24.316999
26.183001 23.780001
25.826000 23.825001
25.663000 23.790001
25.886999 23.733999
25.834000 23.860001
25.778000 23.888000
23.841999 23.657000
27.804001 25.350000
26.171000 24.014000
25.938000 23.844000
25.725000 23.826000
24.150999 23.500000
25.976999 24.237000
25.222000 23.605000
25.730000 23.851000
26.415001 24.118000
23.898001 23.612000
25.892000 23.870001
26.013000 24.122000
25.695999 23.816000
25.632999 23.827999
25.695000 23.886999
25.983999 24.013000
25.862000 23.933001
24.459999 23.737000
26.719999 24.319000
25.650000 23.948999
26.545000 24.042000
27.249001 24.289000
27.856001 24.827999
25.465000 23.791000
26.306000 24.039000
26.097000 24.003000
27.215000 24.535000
25.950001 23.882999
26.379000 24.056999
26.202000 24.167000
26.451000 24.117001
25.143999 23.738001
25.722000 23.872000
25.358000 23.764000
25.535000 23.809999
26.082001 24.165001
26.020000 24.025000
25.785999 23.922001
26.180000 24.034000
99.999001 99.999001
25.521999 23.724001
26.464001 24.490000
99.999001 24.702999
25.594000 23.840000
26.226000 23.958000
25.980000 23.879999
26.165001 24.033001
26.642000 24.150999
26.653999 24.129999
25.707001 23.889999
26.117001 24.100000
26.384001 24.155001
26.625999 24.145000
25.922001 23.893000
26.099001 23.962000
28.311001 24.611000
28.056000 24.974001
26.114000 24.038000
26.254000 24.018000
26.304001 24.073000
26.537001 24.094999
25.848000 24.056999
25.711000 23.785999
25.698000 23.830000
25.452999 23.761000
25.191999 23.719000
26.459000 24.476000
26.111000 24.118000
26.291000 24.100000
99.999001 29.044001
26.895000 24.441000
26.306000 24.171000
26.177999 24.197001
25.572001 23.893000
25.976000 24.136000
26.337999 23.867001
25.410000 23.903999
26.632000 24.096001
26.547001 24.312000
25.455000 23.787001
26.104000 23.865000
27.090000 24.906000
25.785999 23.983000
25.884001 23.978001
26.302999 24.027000
25.426001 23.993999
26.926001 24.365999
26.113001 23.858000
25.143000 23.851999
26.603001 24.497999
29.039000 24.799000
26.742001 24.205000
26.204000 24.058001
25.743999 23.903000
26.514000 24.052000
25.808001 23.846001
26.278999 24.090000
25.872999 23.965000
26.513000 24.354000
25.389999 23.766001
26.225000 24.391001
26.549999 24.160999
26.127001 24.094999
26.264000 24.083000
26.629999 24.224001
26.242001 24.110001
25.966000 24.107000
25.822001 23.964001
24.761999 23.811001
25.339001 23.827000
25.959000 24.061001
26.254999 24.129000
26.629999 24.375000
26.294001 24.232000
26.870001 24.304001
24.058001 23.924000
25.714001 23.962999
25.974001 23.916000
25.594999 23.891001
99.999001 99.999001
25.722000 23.889000
26.475000 24.245001
25.680000 23.934000
27.247999 24.503000
28.048000 24.452000
25.670000 24.016001
26.982000 24.323999
25.677999 23.954000
25.575001 24.176001
25.549000 23.841999
26.285000 24.288000
26.228001 24.141001
25.643999 23.952999
25.809000 23.989000
25.743999 24.018000
99.999001 27.850000
25.823000 23.886000
26.413000 24.246000
25.941000 24.118999
26.377001 24.181999
26.311001 24.169001
26.534000 24.408001
25.837999 23.936001
26.354000 24.201000
25.979000 24.233000
26.068001 23.837000
26.198999 24.111000
25.920000 24.296000
26.016001 24.014999
26.406000 24.188000
26.856001 24.233000
26.561001 23.997999
26.024000 23.895000
25.653999 24.007999
26.447001 24.169001
25.520000 23.988001
27.382999 24.466999
26.337999 24.230000
25.871000 23.962000
26.618999 24.237000
25.667999 23.924999
26.358999 23.974001
26.636999 24.393000
25.773001 24.087000
25.955000 24.018000
27.113001 24.356001
26.296000 24.278000
25.830000 24.073999
27.809000 25.658001
28.896999 24.882000
25.809999 23.976999
25.312000 23.830000
27.697001 24.496000
27.861000 26.573000
26.896000 24.155001
26.306999 24.309000
26.011000 24.288000
24.268000 24.033001
25.954000 24.169001
26.059000 24.207001
26.195000 24.107000
26.273001 24.240000
25.756001 24.004999
25.504999 24.103001
27.444000 24.580999
25.993999 24.163000
28.886000 26.374001
26.166000 24.306000
26.343000 24.179001
26.205999 24.205000
27.315001 24.556999
25.749001 23.990000
99.999001 24.813000
26.523001 24.336000
25.938000 24.148001
26.886999 24.320000
25.888000 24.191000
26.040001 24.198999
26.113001 24.209999
26.707001 24.181999
25.941999 24.174000
27.816000 25.153000
25.985001 24.243000
25.827999 24.183001
27.134001 24.474001
26.006001 24.219000
25.768999 24.011999
26.447001 24.333000
26.049999 24.167999
26.056999 24.112000
26.725000 24.559999
26.743000 24.618999
26.353001 24.444000
99.999001 24.834000
26.724001 24.299999
26.055000 23.973000
26.179001 24.271999
25.973000 24.351999
26.632000 24.430000
26.177999 24.240999
26.787001 24.367001
26.098000 24.350000
26.545000 24.481001
25.847000 23.938000
26.072001 24.113001
25.962999 23.945000
26.062000 24.247000
26.357000 24.313999
26.847000 24.569000
26.672001 24.326000
26.313999 24.277000
26.639000 24.480000
25.896999 24.118999
26.882000 24.299999
26.301001 24.222000
26.288000 24.268000
26.406000 24.465000
99.999001 99.999001
26.243000 24.341999
26.972000 24.600000
26.007999 24.146999
26.368999 24.429001
26.224001 24.104000
26.908001 24.358999
26.777000 24.402000
26.129000 24.375000
26.797001 24.573999
25.969999 24.149000
26.268999 24.450001
26.395000 24.226000
25.979000 24.226999
26.608000 24.458000
25.849001 24.382000
26.408001 24.350000
26.697001 24.393000
26.384001 24.313000
26.476999 24.561001
26.402000 24.283001
25.645000 24.083000
26.586000 24.360001
27.410000 24.981001
26.547001 24.330000
25.912001 24.134001
25.881001 24.121000
26.375999 24.364000
27.792999 24.499001
26.308001 24.330999
26.131001 24.198999
26.295000 24.384001
26.075001 24.143999
24.591000 24.142000
25.906000 24.155001
26.388000 24.242001
26.691000 24.528999
26.273001 24.375999
26.143000 24.313000
26.757000 24.492001
31.726000 99.999001
27.215000 24.607000
25.993999 24.193001
26.318001 24.333000
27.499001 24.843000
24.985001 24.091000
27.261999 24.673000
25.363001 24.101000
26.024000 24.264999
26.487000 24.283001
26.068001 24.311001
27.656000 24.781000
27.052000 24.587000
26.490000 24.384001
26.681000 24.407000
27.104000 24.540001
26.490999 24.391001
26.767000 24.506001
26.506001 24.263000
25.969000 24.287001
26.212000 24.316999
25.712999 24.146000
26.041000 24.426001
26.475000 24.511000
25.886999 24.308001
26.294001 24.155001
26.087000 24.312000
26.827999 24.577000
26.820999 24.438999
26.496000 24.403999
26.677000 24.990000
26.180000 24.247999
26.483000 24.363001
26.125999 24.368000
26.316000 24.423000
26.059000 24.306999
26.403999 24.329000
26.246000 24.289000
26.927999 24.533001
24.403999 24.260000
26.145000 24.176001
26.893000 24.600000
27.459000 24.566000
26.098000 24.292999
26.232000 24.337000
26.796000 24.492001
26.330000 24.351999
26.340000 24.211000
27.634001 24.739000
26.268000 24.052999
26.975000 24.558001
25.534000 24.062000
26.476999 24.350000
26.034000 24.202000
26.225000 24.354000
26.752001 24.398001
26.176001 24.229000
26.914000 24.423000
26.072001 24.193001
26.577999 24.541000
26.261000 24.297001
26.011999 24.285999
27.153000 26.437000
26.559000 24.326000
26.778000 24.514999
26.264999 24.434000
25.669001 24.180000
26.777000 24.507000
26.368999 24.459999
26.282000 23.952999
25.902000 24.240000
25.936001 24.204000
26.268999 24.384001
26.158001 24.283001
26.431000 24.481001
26.082001 24.007000
28.079000 24.812000
26.448999 24.542000
25.677000 24.169001
26.032000 24.249001
26.667000 25.562000
27.169001 24.525999
26.830000 24.587000
25.943001 24.271000
26.240999 24.381001
28.870001 24.957001
27.806999 24.735001
26.336000 24.398001
26.782000 24.537001
26.818001 24.598000
27.166000 24.731001
26.582001 24.532000
26.370001 24.344999
26.694000 24.537001
26.072001 24.158001
25.908001 24.297001
26.316999 24.253000
26.972000 24.448999
27.145000 24.767000
25.903999 24.403000
27.153000 24.809999
25.761999 24.096001
25.938999 24.218000
28.513000 25.044001
26.917000 24.402000
24.558001 24.312000
25.966999 24.290001
26.068001 24.257000
26.379000 24.320999
26.177000 24.322001
29.364000 24.944000
27.087000 24.469999
26.266001 24.250000
26.429001 24.434000
25.615000 24.337999
26.577999 24.419001
26.106001 24.245001
27.518000 24.698999
26.659000 25.108000
26.267000 24.355000
26.825001 24.691000
26.073999 24.356001
26.865000 24.754999
26.311001 24.407000
26.330000 24.601000
26.305000 24.245001
26.368000 24.438000
25.621000 24.201000
26.163000 24.360001
26.174999 24.329000
26.089001 24.327000
26.084999 24.322001
26.450001 24.349001
27.389999 24.733000
25.921000 24.275000
26.747999 24.496000
26.601999 24.398001
28.988001 25.270000
25.718000 24.212000
26.819000 24.582001
27.641001 24.805000
26.504000 24.483999
27.240999 24.433001
25.709999 24.181000
26.759001 24.250000
27.173000 24.702000
26.237000 24.341000
27.584000 24.872000
26.483000 24.431999
24.545000 24.208000
26.320999 24.344000
26.618000 24.535999
26.666000 24.642000
27.038000 24.544001
26.874001 24.250000
26.337999 24.422001
26.285999 24.215000
26.297001 24.409000
99.999001 26.785999
26.424999 24.448000
26.809999 24.525000
26.278999 24.378000
26.820000 24.576000
26.421000 24.365000
26.441999 24.493999
25.364000 23.952999
26.090000 24.368999
25.275000 24.313000
25.871000 24.257999
24.716000 24.403999
26.948999 24.739000
26.289000 24.440001
25.417000 24.299000
26.134001 24.386999
26.341000 24.440001
26.510000 24.458000
26.309000 24.417999
26.099001 24.188999
26.187000 24.427000
26.347000 24.511999
24.495001 24.389000
26.528999 24.507000
27.142000 24.879999
26.794001 24.518999
26.267000 24.424999
26.228001 24.410000
26.157000 24.457001
26.540001 24.421000
26.716000 24.431000
26.275000 24.285999
29.545000 24.945000
26.230000 24.402000
26.461000 24.431999
25.941000 24.198000
30.740999 25.051001
26.459999 24.455999
28.271000 24.723000
26.638000 24.658001
26.441999 24.445999
26.461000 24.534000
27.030001 24.642000
26.481001 24.461000
29.591000 27.733999
26.344999 24.473000
28.830999 27.301001
27.072001 24.707001
26.808001 24.433001
24.969000 24.423000
26.200001 24.341000
26.528000 24.551001
26.115000 24.266001
26.341000 24.482000
25.796000 24.313999
26.656000 24.531000
26.254999 24.431999
26.372000 24.362000
26.700001 24.549000
27.465000 24.981001
99.999001 27.646000
26.737000 24.486000
26.297001 24.273001
26.451000 24.723000
26.142000 24.323999
26.267000 24.445999
26.719999 24.591000
25.915001 24.232000
25.985001 24.347000
27.299000 24.659000
26.003000 24.240999
27.384001 24.794001
26.504000 24.476999
26.223000 24.333000
28.374001 26.754000
26.330000 24.532000
26.149000 24.367001
25.641001 24.093000
25.711000 24.594000
26.122000 24.507999
24.825001 24.229000
25.778000 24.305000
26.434000 24.461000
26.042000 24.358000
26.611000 24.559999
26.326000 24.372999
26.504000 24.539000
26.105000 24.287001
26.295000 24.504999
29.375999 99.999001
26.232000 24.423000
28.718000 25.462000
26.261999 24.452999
27.355000 24.676001
26.509001 24.507999
26.733999 24.625999
27.121000 24.690001
26.280001 24.427999
26.934000 24.638000
27.518000 24.655001
26.671000 24.552999
26.131001 24.294001
26.684000 24.641001
26.212000 24.362000
27.118000 24.429001
27.174999 24.599001
26.489000 24.548000
26.423000 24.340000
26.117001 24.332001
26.770000 24.594999
26.377001 24.282000
26.785000 24.683001
26.927000 24.618000
26.691999 24.702000
24.697001 24.429001
25.969000 24.558001
28.782000 27.150000
26.589001 24.410999
26.246000 24.219999
27.898001 25.702000
28.143999 25.093000
26.844999 24.527000
26.485001 24.488001
27.549999 24.844999
26.687000 24.462000
26.481001 24.382000
27.268000 24.900000
26.766001 24.502001
27.584999 24.834999
26.643000 24.541000
26.358000 24.492001
26.874001 24.523001
26.797001 24.607000
26.823999 24.615999
26.624001 24.672001
26.787001 24.593000
26.957001 24.518999
26.138000 24.500000
27.391001 24.740999
26.860001 24.618000
26.802000 24.773001
99.999001 29.261999
26.090000 24.419001
26.146000 24.264000
26.195999 24.443001
26.549999 24.631001
26.388000 24.465000
26.607000 24.417999
27.264000 24.906000
27.364000 24.895000
26.236000 24.893999
28.136000 24.806000
26.389999 24.542999
26.017000 24.169001
26.381001 24.579000
26.268999 24.400999
26.658001 24.688999
26.563000 25.032000
26.403000 24.482000
26.329000 24.386000
26.336000 24.363001
26.243000 24.518000
26.472000 24.450001
27.003000 24.635000
26.788000 24.462000
25.639000 24.330999
27.150999 24.636000
26.747000 24.826000
26.297001 24.323000
27.730000 25.591000
27.549000 24.795000
25.947001 24.200001
27.249001 24.561001
26.775999 24.511000
26.351000 24.518999
26.299000 24.506001
26.374001 24.216000
26.980000 24.655001
27.139000 24.631001
26.886000 24.871000
26.480000 24.558001
26.607000 24.523001
25.995001 23.943001
27.410000 24.754999
26.653999 24.721001
27.403999 24.735001
31.464001 25.084000
26.636000 24.357000
26.597000 24.646999
25.304001 24.614000
26.469999 24.615000
26.382000 24.539000
28.083000 25.150000
25.788000 24.306000
26.240000 24.424999
26.684000 24.596001
26.747999 24.591000
26.311001 24.499001
26.927999 24.433001
25.816999 24.344000
27.238001 24.724001
26.245001 24.426001
27.146000 24.858999
26.563999 24.509001
26.684000 24.722000
26.607000 24.474001
26.934000 24.740000
26.586000 24.603001
26.209999 24.461000
26.266001 24.434000
26.879000 24.684999
26.228001 24.409000
26.073000 24.625999
27.549999 27.466000
26.528999 24.516001
26.240999 24.393999
28.365999 25.117001
26.610001 24.511999
26.145000 24.441000
99.999001 28.979000
26.813000 24.757000
26.743999 24.700001
26.673000 24.499001
26.604000 24.646999
26.297001 24.632000
27.191999 24.628000
26.363001 24.475000
26.483000 24.403999
26.962999 24.684000
26.146999 24.459000
26.188000 24.407000
26.872000 24.660999
26.415001 24.306000
26.849001 24.580999
26.360001 24.520000
26.132000 24.579000
26.848000 24.742001
26.018999 24.247000
26.191999 24.427000
26.676001 24.615000
26.559999 24.663000
26.354000 24.511999
26.707001 24.622999
26.160999 24.354000
26.188999 24.452000
26.815001 24.858999
26.309999 24.575001
25.874001 24.181000
26.805000 24.775999
26.315001 24.395000
26.580000 24.664000
27.039000 24.677999
99.999001 99.999001
26.774000 24.587999
26.660000 24.482000
26.523001 24.478001
26.344999 24.552000
27.004000 24.833000
26.673000 24.549000
27.431000 24.879000
26.421000 24.683001
26.889999 24.673000
26.941999 24.540001
27.002001 24.733000
27.334000 24.903999
26.590000 24.572001
26.594000 24.771000
26.889999 24.750000
26.636000 24.684999
26.983000 24.718000
26.329000 24.504999
26.468000 24.466000
26.374001 24.341000
28.959999 26.707001
26.969000 24.489000
29.361000 25.306999
27.191999 24.804001
27.493999 24.836000
26.780001 24.745001
28.238001 24.996000
26.481001 24.511999
26.448999 24.447001
26.504000 24.544001
26.229000 24.500000
27.358000 24.934999
99.999001 99.999001
26.690001 24.587000
26.563999 24.596001
26.469000 24.608999
26.705999 24.525999
26.555000 24.570000
26.927999 24.497999
27.184999 24.792999
27.226999 24.552999
26.385000 24.576000
26.738001 24.767000
26.358999 24.438999
26.431000 24.591999
28.122000 24.937000
25.951000 24.503000
28.142000 24.931999
26.042000 24.415001
26.292999 24.493999
26.565001 24.665001
26.510000 24.525999
26.503000 24.992001
27.473000 24.888000
26.412001 24.388000
26.556000 24.562000
26.892000 24.934999
26.691000 24.742001
27.018000 24.799000
26.320999 24.480000
27.218000 24.999001
26.981001 24.900000
27.025000 25.020000
26.556000 24.624001
27.424000 24.761000
26.669001 24.667999
27.202000 24.937000
27.568001 24.962000
26.634001 24.667000
26.509001 24.339001
26.347000 24.473000
26.620001 25.027000
26.075001 24.423000
26.981001 24.848000
26.215000 24.549000
27.708000 24.874001
99.999001 99.999001
26.863001 24.375999
27.004000 25.306000
26.450001 24.568001
26.850000 24.740999
27.469000 24.806000
27.362000 24.853001
27.000999 24.787001
26.989000 24.822001
25.865999 24.478001
27.208000 24.827000
27.726999 25.091000
26.478001 24.615999
26.933001 24.664000
27.236000 24.823000
26.995001 25.145000
26.396999 24.604000
27.266001 24.650000
99.999001 27.195000
27.083000 24.794001
26.607000 24.499001
25.599001 24.586000
27.254999 24.969000
27.188000 25.736000
27.205000 24.849001
99.999001 27.325001
25.906000 24.268999
27.340000 25.177000
25.583000 24.500999
99.999001 99.999001
27.820000 25.146999
26.437000 24.482000
26.697001 24.718000
27.679001 24.988001
27.002001 24.868000
26.955000 24.722000
26.059000 24.684000
26.277000 24.802000
26.760000 24.826000
26.799000 24.674999
26.698999 24.603001
26.660000 24.728001
26.445000 24.523001
26.091999 24.416000
28.490999 26.825001
25.306999 24.424999
28.854000 25.107000
25.413000 24.434000
26.712999 24.615999
27.243000 24.919001
26.482000 24.524000
26.239000 24.590000
26.170000 24.360001
30.540001 25.514000
28.600000 25.111000
26.808001 24.964001
26.966999 24.794001
28.952000 99.999001
26.469999 24.632000
26.886000 24.583000
26.900999 25.058001
26.155001 24.496000
26.767000 24.653000
27.760000 24.813000
26.709000 24.657000
27.136000 24.868000
27.038000 24.761999
25.035000 24.723000
26.485001 24.575001
27.679001 24.823000
26.983999 24.830000
26.690001 24.625999
27.292999 24.892000
27.402000 25.184999
25.059000 24.771999
26.690001 24.813999
29.058001 26.922001
27.459000 24.882000
27.112000 24.785000
28.514999 24.889999
27.089001 24.924000
26.712000 24.684000
26.892000 24.669001
29.165001 25.082001
26.930000 24.650999
26.743999 24.601999
26.271000 24.549000
27.058001 24.950001
26.375000 24.565001
27.072001 25.386999
26.606001 24.802000
26.909000 24.752001
26.264000 24.537001
26.350000 24.547001
26.306999 25.198999
26.530001 24.740999
27.389999 25.122999
25.040001 24.573999
28.594999 25.080999
26.938000 24.705999
26.900999 24.952000
27.219000 25.035000
26.069000 24.577999
26.768000 24.781000
26.518999 24.614000
26.927999 24.812000
26.539000 24.599001
27.184999 24.985001
27.113001 24.840000
27.396000 24.908001
26.211000 24.430000
25.465000 24.833000
26.798000 24.709999
27.820999 25.002001
27.273001 24.878000
27.041000 24.905001
28.334999 25.322001
26.257000 24.697001
99.999001 99.999001
26.419001 24.591999
26.750000 25.777000
27.086000 24.882000
26.351000 24.612000
27.082001 24.829000
27.094000 24.962000
26.905001 24.945999
27.304001 24.910999
99.999001 27.664000
28.606001 25.063999
27.521999 25.534000
26.169001 24.591000
27.264000 24.917000
26.681000 24.802000
26.641001 24.733999
27.115999 24.846001
27.405001 24.875000
26.431999 24.533001
27.749001 26.174999
27.486000 25.264999
27.518999 25.358000
27.495001 25.188999
24.906000 24.816999
26.004000 24.576000
28.250000 25.153000
29.540001 25.277000
26.945000 24.625999
26.399000 24.558001
26.451000 24.927999
25.344000 24.737000
27.402000 25.097000
27.028000 24.670000
26.660000 24.570999
26.156000 24.420000
26.219999 24.593000
25.216000 24.674999
26.545000 24.627001
28.355000 25.157000
27.190001 25.049000
28.021000 24.927000
26.622000 24.983999
26.320000 24.658001
27.232000 25.431000
26.625999 24.531000
27.576000 25.136999
26.382999 24.736000
27.861000 25.468000
27.290001 31.603001
26.363001 24.829000
27.761999 24.768000
24.983000 24.778000
27.237000 24.549999
26.393999 24.544001
27.486000 25.017000
26.535999 24.653999
25.539000 24.518999
27.596001 25.143000
26.528000 24.893999
26.281000 24.378000
26.694000 24.601000
27.190001 24.826000
27.427999 24.924000
27.299999 24.882000
26.997000 25.009001
26.914000 24.795000
27.429001 25.080000
26.906000 24.770000
26.049000 24.903999
28.198999 25.302999
29.563999 25.398001
30.233999 25.487000
27.120001 25.000000
28.639999 25.166000
25.101000 24.973000
26.686001 24.915001
26.870001 24.948000
27.544001 25.079000
26.554001 24.724001
27.125000 24.885000
26.413000 24.879000
26.291000 24.665001
27.052999 25.386999
99.999001 99.999001
25.924000 25.527000
27.347000 24.992001
29.114000 25.031000
26.323000 24.545000
28.502001 24.934999
27.177000 25.200001
27.045000 24.996000
26.743999 24.556000
28.273001 25.283001
26.094999 24.576000
26.542000 24.527000
25.320999 24.903000
99.999001 25.261999
27.358000 25.018000
27.391001 26.062000
26.952000 24.861000
99.999001 26.169001
26.927999 24.899000
31.773001 26.153999
26.687000 24.502001
24.959999 24.827000
27.988001 25.277000
26.948999 24.868999
26.049999 24.584999
26.580999 24.724001
27.402000 25.063000
25.010000 25.000000
28.392000 25.023001
26.153000 24.613001
26.915001 24.990999
27.069000 24.969999
26.878000 24.757999
26.535000 24.419001
26.613001 24.700001
27.924000 25.145000
26.639999 25.113001
25.438000 25.152000
27.127001 25.170000
27.870001 26.017000
26.610001 24.858000
27.153000 25.169001
27.159000 24.782000
28.041000 25.190001
25.854000 24.239000
27.891001 24.860001
26.830999 24.737000
28.177999 25.215000
26.740999 24.798000
26.237000 24.885000
26.481001 24.677999
26.865000 24.808001
26.524000 24.767000
28.806000 25.215000
26.944000 25.284000
27.016001 25.004999
28.548000 25.615000
27.454000 24.989000
27.532000 25.020000
27.141001 24.688999
26.827999 25.077000
26.635000 24.840000
26.417999 24.443001
25.150000 24.764000
27.434000 25.070000
25.098000 25.003000
26.468000 24.496000
26.850000 24.700001
25.750999 24.736000
27.700001 25.639999
26.361000 24.729000
26.266001 24.382999
26.865999 24.771000
26.662001 24.528000
28.996000 25.739000
26.544001 24.587999
28.275000 25.660999
27.737000 25.110001
28.212000 25.308001
28.068001 25.007999
27.157000 25.041000
25.327000 25.017000
25.398001 25.084999
26.721001 24.709999
26.711000 24.790001
27.577999 25.112000
27.768999 26.131001
27.936001 25.099001
26.316999 24.709000
26.368000 24.802999
27.436001 25.900000
27.232000 24.684000
28.281000 25.438999
26.941000 25.070000
27.327000 25.312000
26.837000 25.080000
27.180000 24.801001
26.547001 24.761000
26.891001 24.885000
26.974001 24.989000
27.414000 25.117001
27.322001 26.049999
28.010000 25.205999
26.652000 24.865999
25.792999 24.743999
25.299999 24.862000
29.159000 27.121000
27.287001 25.191999
26.773001 24.709999
27.122000 24.665001
25.916000 25.004000
26.996000 25.195000
29.146000 25.482000
25.806999 24.829000
99.999001 25.847000
26.787001 24.622000
26.573999 25.132999
26.903000 24.926001
26.747000 24.872000
26.806000 24.733999
27.253000 25.025000
29.400999 25.761000
27.764000 25.149000
26.313000 24.722000
27.035999 25.017000
26.959999 25.007000
27.395000 25.253000
26.862000 25.164000
27.162001 24.889000
27.271999 24.899000
27.469999 25.649000
26.438000 24.997000
27.049000 25.059999
28.135000 25.108999
28.957001 25.153000
26.559999 25.082001
28.212000 27.398001
25.226000 24.929001
27.455000 26.351000
27.052000 24.919001
25.406000 25.030001
25.995001 24.657000
28.245001 25.231001
26.625999 25.360001
25.305000 25.160999
27.556999 26.497000
26.749001 24.857000
26.829000 24.941999
27.858000 25.257000
25.944000 24.711000
27.046000 25.009001
27.927999 25.950001
26.198000 25.427000
26.719999 24.968000
99.999001 27.245001
27.028999 25.115000
27.641001 25.134001
27.448000 25.469999
26.813000 24.857000
27.860001 25.823999
27.150000 25.226000
25.752001 24.767000
25.391001 25.374001
26.975000 25.004999
30.756001 27.232000
28.641001 25.190001
28.539000 25.812000
26.287001 24.789000
26.701000 24.913000
26.988001 25.056000
26.025999 24.878000
26.016001 24.639999
26.601999 25.478001
27.583000 25.318001
26.990999 25.128000
26.134001 24.594999
26.448999 24.716000
25.441999 24.990999
28.058001 25.987000
25.628000 25.174999
27.350000 25.302999
26.865999 25.059999
27.479000 25.164000
27.020000 24.854000
26.343000 24.812000
25.524000 25.125999
29.485001 25.716999
26.649000 24.997999
27.408001 25.304001
25.471001 24.969000
27.000999 25.132000
26.504000 24.657000
31.306000 99.999001
26.612000 25.131001
27.228001 25.128000
27.205000 25.160000
26.579000 24.879999
27.035000 25.275999
27.129000 25.018000
28.982000 26.636000
27.448999 25.469999
28.382000 25.356001
27.253000 25.796000
26.740000 24.802000
30.672001 25.587999
27.742001 25.305000
28.118999 26.478001
26.796000 25.152000
99.999001 28.204000
26.796000 24.931999
99.999001 27.191999
27.009001 24.801001
27.354000 24.886000
28.601000 25.660999
27.268999 25.111000
26.548000 25.025999
27.172001 25.798000
27.290001 25.035999
26.111000 24.372999
25.362000 25.343000
26.605000 24.972000
27.305000 25.377001
27.311001 25.452999
25.711000 25.135000
26.409000 25.035000
27.065001 25.309000
26.534000 24.871000
27.190001 24.943001
26.618999 25.058001
27.040001 25.181000
27.028000 25.054001
28.115999 25.302999
26.660000 25.358999
25.382000 25.070999
27.405001 26.059999
27.171000 25.035999
26.938000 25.230000
25.840000 24.832001
28.485001 25.441000
28.927000 25.525999
27.049000 26.171000
26.979000 25.270000
27.565001 25.535000
27.163000 25.181999
27.419001 25.535999
27.171000 25.218000
27.125000 25.854000
26.813999 24.782000
27.820000 25.304001
26.518999 25.158001
29.773001 26.556000
26.957001 25.170000
27.478001 25.191999
28.327000 25.507999
99.999001 99.999001
26.766001 24.910999
26.834999 25.288000
29.098000 26.768999
27.004000 25.048000
27.066999 24.781000
26.441999 24.980000
26.808001 24.878000
27.261000 25.150000
26.923000 25.117001
26.329000 25.281000
26.166000 25.194000
26.816999 24.990000
27.306999 25.337999
27.952999 25.737000
26.190001 25.125000
29.353001 25.976000
26.943001 25.502001
27.260000 25.354000
27.024000 25.115000
25.608999 25.070000
25.951000 25.049999
26.655001 25.040001
26.819000 25.306999
27.652000 25.816000
25.537001 25.660999
27.667000 24.995001
28.341000 25.917000
27.549000 25.860001
25.930000 25.270000
27.193001 25.344999
26.944000 25.000000
26.410999 25.073000
27.889000 25.636999
29.570000 25.504999
27.080999 25.287001
25.471001 25.596001
26.983999 25.957001
27.309000 25.591000
25.451000 25.127001
27.827999 25.495001
28.273001 25.881001
27.146000 24.980000
28.337999 25.260000
99.999001 99.999001
27.288000 25.135000
27.070999 25.349001
27.650000 25.507999
27.330000 25.406000
27.052999 25.295000
27.579000 25.408001
27.150000 25.492001
99.999001 25.917999
26.889000 25.193001
26.292000 25.617001
28.403000 25.459999
27.186001 25.195000
27.143999 25.124001
27.304001 25.299000
28.487000 28.634001
27.150999 25.150000
27.254999 25.155001
28.177000 25.625000
26.802999 24.962999
27.545000 25.625000
27.473000 24.886999
25.434999 25.603001
26.900999 24.957001
27.593000 25.167999
28.462000 26.103001
28.166000 26.445999
27.492001 25.465000
27.041000 25.587999
26.423000 25.532000
28.403000 26.437000
27.972000 25.271000
28.840000 26.389999
26.674000 25.006001
27.604000 25.392000
26.947001 24.972000
25.797001 25.316000
26.104000 25.030001
30.268000 26.322001
27.350000 25.145000
27.551001 25.358000
25.745001 25.176001
27.556000 25.813999
27.934000 25.455999
29.120001 27.153999
27.378000 25.638000
26.812000 25.333000
26.687000 25.382000
28.764999 26.312000
27.423000 25.323999
25.701000 25.414000
27.132000 25.105000
26.700001 25.134001
28.524000 27.271999
27.677999 25.475000
25.957001 25.308001
27.353001 25.323999
26.899000 25.455000
27.746000 25.615000
26.360001 26.120001
26.639999 25.273001
27.555000 25.370001
27.674999 25.472000
27.201000 25.311001
26.392000 25.598000
27.447001 25.336000
28.087999 25.632999
25.989000 25.253000
27.239000 25.408001
25.641001 25.667000
27.382000 25.379999
27.309999 25.464001
25.962000 25.495001
27.166000 25.431000
99.999001 25.902000
27.007000 25.101000
27.066999 24.952000
27.136000 25.165001
27.159000 25.353001
26.099001 25.205000
26.673000 25.415001
27.004000 25.437000
25.684000 25.445000
27.475000 25.299999
27.737000 25.402000
99.999001 29.368999
26.900000 24.974001
25.670000 25.462000
25.785000 25.620001
26.940001 24.927000
26.636000 25.382999
27.180000 25.865999
26.145000 26.041000
30.188000 25.645000
27.306999 26.261999
27.584999 25.492001
27.299000 25.537001
27.056999 25.209000
25.840000 25.261999
26.379000 25.179001
28.492001 25.599001
28.188000 25.531000
26.749001 25.058001
27.054001 25.395000
26.829000 25.577999
99.999001 99.999001
28.674000 25.629000
26.927999 25.334999
26.885000 25.222000
26.591999 25.077000
99.999001 26.075001
26.601999 25.388000
29.441999 25.851000
30.813000 99.999001
27.757000 26.408001
27.711000 25.469000
27.229000 25.544001
26.780001 25.427999
27.473000 25.386999
26.987000 25.455000
27.361000 25.674000
26.250000 25.434000
25.771999 25.646000
29.775999 26.214001
27.378000 25.135000
27.149000 25.242001
27.177000 25.399000
27.419001 25.514000
26.544001 25.184999
27.030001 25.195000
27.167999 25.260000
27.167000 25.289000
25.650999 25.552000
27.090000 25.566000
25.856001 25.556000
27.617001 25.347000
25.660999 25.636000
25.902000 25.372999
26.903000 25.421000
27.587999 25.599001
27.287001 25.830999
26.997999 25.378000
26.746000 25.315001
28.486000 26.378000
27.878000 27.612000
26.270000 25.305000
30.159000 25.972000
27.704000 26.677999
27.577000 25.900999
26.530001 25.334999
28.414000 25.569000
26.701000 25.500999
29.957001 27.336000
25.775000 25.584000
29.582001 26.237000
27.565001 25.572001
28.374001 25.978001
99.999001 31.368000
26.393999 25.483999
27.007999 25.368999
28.219000 26.431000
27.434999 25.672001
27.856001 25.354000
27.393000 25.642000
26.099001 25.631001
99.999001 99.999001
28.646000 25.884001
99.999001 31.096001
27.348000 25.309999
27.660999 25.444000
26.663000 25.191999
25.716000 25.569000
27.893999 26.042999
27.129999 26.403000
25.820999 25.621000
27.938999 25.537001
27.212000 26.492001
27.332001 25.646000
28.164000 27.742001
27.635000 25.900999
27.027000 25.476999
26.436001 26.573000
26.774000 25.660000
27.430000 25.600000
26.327000 26.398001
28.326000 25.761999
27.504000 25.781000
27.075001 25.216999
28.538000 27.858999
27.712999 25.464001
26.802000 25.188000
27.485001 25.679001
26.799999 25.481001
27.891001 25.438999
28.608000 25.864000
26.672001 25.556999
26.919001 25.055000
26.415001 25.684000
26.427000 26.413000
26.726000 25.395000
26.490999 25.388000
27.476999 25.921000
27.052999 25.294001
27.280001 25.458000
25.941999 25.648001
26.926001 25.656000
29.052999 26.319000
27.464001 25.263000
27.799999 25.566000
27.372000 25.688000
27.377001 25.225000
25.961000 25.872999
26.441999 25.503000
26.625000 25.386999
27.086000 25.299000
27.033001 25.499001
30.115000 25.886000
27.634001 25.253000
27.167000 25.643999
27.087999 25.684999
99.999001 25.782000
27.216000 25.496000
30.489000 26.146000
27.590000 25.663000
99.999001 26.295000
25.858000 26.028999
27.035000 25.591999
27.052999 25.507000
27.514000 25.999001
29.254000 26.334000
27.583000 25.462000
28.332001 25.927999
27.638000 25.705000
26.867001 25.367001
27.278999 25.538000
27.709999 25.955000
28.343000 25.973000
27.690001 25.424999
30.878000 99.999001
27.304001 25.542000
27.031000 25.469999
26.408001 25.610001
26.832001 25.174999
27.608999 25.584000
26.940001 25.620001
99.999001 99.999001
26.327000 25.202000
27.073000 25.421000
27.451000 25.833000
27.475000 25.768999
27.301001 25.698999
99.999001 27.924999
31.146000 99.999001
26.882999 25.520000
26.934000 25.045000
27.573000 26.243999
29.930000 26.606001
27.823999 25.837000
28.173000 25.792999
26.667000 25.188000
27.121000 25.414000
26.649000 25.132999
99.999001 26.221001
27.618000 25.566000
29.386999 26.062000
26.997000 25.513000
28.527000 25.525999
27.556000 26.302999
28.563999 26.188999
26.764999 25.778999
26.382000 25.540001
27.281000 26.135000
28.893999 25.898001
27.184000 25.546000
99.999001 26.986000
27.676001 25.599001
27.424000 25.650999
27.937000 25.649000
26.389999 25.698999
28.028000 26.712000
29.371000 27.728001
32.146000 26.089001
27.405001 25.875000
27.583000 25.184999
32.162998 26.545000
28.283001 25.914000
31.080000 26.113001
27.768000 25.556000
28.101999 26.695999
27.583000 25.886000
27.282000 25.882999
26.378000 25.323999
27.479000 25.448999
29.577000 25.865999
28.670000 27.757000
27.172001 25.441000
26.021000 25.518999
99.999001 99.999001
27.445999 25.355000
27.291000 25.573000
27.933001 26.187000
29.879000 26.961000
27.899000 26.087000
99.999001 26.813000
26.927999 25.583000
27.813999 25.988001
27.764000 25.700001
27.481001 25.312000
27.267000 25.605000
27.594000 25.794001
28.070999 26.478001
28.082001 25.997999
27.226000 25.622999
27.047001 25.514999
27.086000 25.695999
27.004999 25.490000
28.171000 26.256001
99.999001 26.327000
28.596001 26.202999
28.103001 26.836000
27.562000 25.955999
99.999001 26.222000
28.121000 26.674000
28.480000 26.075001
26.621000 25.738001
27.490999 25.999001
26.441000 25.757999
99.999001 27.461000
27.225000 25.783001
26.750999 25.358000
26.410999 25.445000
26.896000 25.849001
28.007999 26.273001
26.664000 25.302999
27.929001 26.150999
28.974001 26.431999
27.260000 25.858000
27.726999 26.170000
27.497999 26.694000
27.874001 25.916000
26.922001 25.476000
27.879999 25.888000
26.292999 25.566000
99.999001 26.195999
28.403999 25.542000
27.051001 25.216000
99.999001 99.999001
99.999001 99.999001
26.483000 25.426001
28.106001 25.478001
26.870001 25.450001
27.219999 25.839001
27.504000 25.438000
27.316999 25.466000
27.686001 26.096001
27.007000 25.534000
27.426001 25.322001
27.747000 25.976000
27.070000 25.436001
28.150999 26.604000
99.999001 26.990000
27.618000 25.837000
27.681000 25.702000
27.872999 25.570000
27.264000 25.604000
30.768999 99.999001
27.356001 26.313999
26.908001 25.284000
27.462000 26.198999
27.190001 25.548000
29.283001 25.802999
27.893999 25.879999
28.598000 25.906000
26.256001 25.973000
27.650000 25.669001
27.339001 25.893000
27.400000 25.639999
27.090000 25.573999
27.173000 25.525000
26.622000 25.694000
27.507000 25.820000
27.898001 25.938999
26.371000 25.577999
28.306000 25.877001
26.992001 25.745001
27.737000 25.670000
27.094999 25.723000
27.763000 26.546000
27.315001 25.584999
99.999001 99.999001
26.820999 25.667000
27.792000 26.184999
28.525000 26.034000
27.830999 26.448000
27.313999 25.959000
29.832001 99.999001
27.829000 25.837000
27.135000 25.368000
26.537001 26.256001
26.924999 25.549000
28.396000 26.166000
26.947001 25.634001
26.886000 25.785000
27.094999 26.405001
26.971001 25.629999
26.414000 25.746000
27.841000 25.844000
28.766001 26.139999
27.042000 25.534000
26.329000 25.673000
26.711000 25.766001
27.532000 26.452000
27.549000 26.531000
27.271999 25.690001
27.600000 26.341999
27.625000 25.735001
26.672001 25.569000
27.952999 25.999001
27.417999 25.900999
27.389000 25.681000
26.771000 25.738001
27.209999 25.563000
26.448000 26.118000
26.896999 25.301001
27.587000 26.197001
27.740999 26.608000
28.743000 26.106001
26.801001 25.730000
26.444000 25.903999
27.577000 25.620001
28.014999 25.733000
28.169001 25.782000
27.421000 25.813999
28.202000 26.278999
29.627001 26.146000
99.999001 28.511999
27.677000 26.035999
28.738001 27.981001
27.761999 26.003000
29.275000 26.804001
26.525000 26.065001
28.042999 26.004000
26.415001 25.789000
27.264000 25.714001
27.146000 25.868000
28.785999 26.068001
26.968000 26.038000
27.650999 26.849001
26.864000 26.063000
26.854000 26.153000
32.276001 27.632000
99.999001 99.999001
27.586000 25.841999
26.301001 25.826000
27.593000 25.790001
99.999001 99.999001
28.186001 25.815001
26.858000 26.152000
28.047001 26.443001
27.447001 25.870001
27.395000 25.993000
27.533001 26.275000
27.205000 25.743000
27.031000 26.363001
26.291000 26.195000
27.353001 26.191000
27.079000 25.849001
27.037001 25.662001
26.737000 26.089001
99.999001 26.041000
99.999001 99.999001
27.639000 26.139999
28.104000 26.382000
26.983000 25.816999
26.587999 26.580999
28.037001 25.752001
27.191999 25.718000
29.629000 99.999001
28.556000 26.028000
27.906000 25.705999
28.490999 25.922001
29.650999 27.004999
99.999001 27.368000
26.698999 25.833000
29.052000 25.695999
28.511999 25.582001
26.700001 25.493000
27.268000 25.959000
26.309999 26.219999
26.966000 25.242001
27.062000 25.818001
26.732000 26.016001
27.601999 25.782000
27.639999 26.011000
26.306000 26.375000
27.728001 25.768000
99.999001 26.615000
27.072001 25.827000
28.452999 25.889999
27.315001 26.059999
28.683001 26.528000
29.304001 26.631001
99.999001 28.768999
26.497000 25.806999
27.606001 26.348000
27.231001 25.757999
27.061001 25.382000
26.402000 25.792999
28.976000 27.489000
28.164000 26.009001
27.226999 26.080999
27.663000 25.962000
30.195999 26.374001
26.771999 26.046000
27.816000 99.999001
27.542999 26.886999
27.240999 26.083000
27.788000 26.111000
27.247999 26.197001
26.836000 25.924000
26.941999 25.858000
27.799000 25.891001
27.766001 28.479000
27.099001 25.547001
28.573999 26.205000
99.999001 99.999001
28.025999 25.552000
27.288000 25.646000
28.032000 25.875999
99.999001 27.323999
27.981001 25.792999
27.871000 25.482000
27.743999 26.066999
28.858000 26.635000
27.089001 25.597000
27.993999 26.309000
26.457001 25.462000
27.503000 25.837000
31.031000 26.197001
26.629999 26.392000
27.069000 26.319000
27.058001 25.582001
27.579000 26.062000
27.598000 26.451000
27.385000 26.768000
26.804001 25.587999
26.648001 25.951000
26.656000 25.922001
26.326000 26.281000
27.052000 26.643000
26.908001 25.556000
27.849001 25.747000
27.768000 27.399000
27.872999 25.799999
27.087999 26.077999
27.629000 26.132999
27.822001 25.965000
27.407000 26.184000
27.892000 25.715000
26.141001 26.481001
27.608999 25.893000
27.379000 26.313999
28.058001 25.899000
27.517000 25.733999
27.433001 26.089001
28.625999 26.059000
26.976000 25.822001
26.867001 25.719999
27.903000 25.975000
30.584000 25.996000
27.188000 25.736000
28.392000 26.152000
29.558001 26.028999
27.417000 25.693001
27.365999 26.457001
28.568001 26.173000
28.393000 26.278999
28.466000 25.877001
99.999001 27.132000
29.983999 28.457001
27.965000 26.083000
27.228001 25.823999
28.313999 26.313999
27.671000 25.770000
26.681000 26.112000
99.999001 25.889000
27.801001 26.129000
27.014000 25.653000
28.323000 26.266001
27.472000 26.112000
27.681999 26.096001
27.212000 25.593000
27.702000 26.006001
27.556999 25.948999
99.999001 26.259001
27.742001 26.250000
28.115000 25.955000
27.972000 26.294001
27.024000 25.789000
27.024000 25.846001
30.570000 26.597000
28.157000 26.138000
27.115999 26.049999
27.737000 25.920000
28.473000 99.999001
26.511999 26.066999
28.549000 26.322001
27.768000 26.315001
27.465000 25.587999
27.228001 26.315001
27.416000 25.840000
27.745001 26.112000
27.740999 25.908001
26.836000 25.716999
26.801001 25.716000
28.256001 26.044001
27.577999 25.989000
29.903999 27.582001
27.559999 25.870001
28.523001 26.620001
27.972000 26.117001
27.274000 26.007000
99.999001 99.999001
27.106001 25.559000
26.875000 26.511999
27.013000 26.207001
27.468000 26.113001
27.086000 25.893999
26.827999 25.979000
28.117001 26.114000
26.996000 25.995001
99.999001 26.806000
27.629999 25.798000
28.066000 26.393000
28.426001 25.976000
27.164000 26.202000
27.177999 26.525999
27.368000 26.108000
26.816999 26.650000
99.999001 99.999001
26.646999 25.823000
27.042000 25.944000
27.794001 25.945000
27.229000 26.208000
28.222000 26.406000
26.764999 26.381001
27.018000 25.750999
27.129000 25.909000
27.115999 26.023001
27.247999 26.266001
26.981001 25.690001
27.291000 25.843000
28.274000 26.209000
28.221001 26.826000
27.489000 25.886000
26.900999 26.266001
99.999001 28.823999
28.319000 26.879000
27.312000 25.673000
28.332001 28.032000
27.715000 25.987000
28.556000 26.308001
26.938999 25.964001
29.650999 26.174999
29.235001 26.459000
28.118000 26.812000
27.280001 25.875999
27.514999 26.113001
27.042000 26.091000
27.726999 26.195999
27.646000 26.038000
27.340000 25.933001
99.999001 99.999001
27.311001 26.171000
27.371000 26.707001
28.427999 26.440001
28.936001 26.420000
27.024000 26.408001
27.072001 26.479000
27.209999 25.855000
27.434999 25.830000
28.212000 26.177999
28.725000 26.537001
27.461000 26.311001
27.273001 26.122999
28.802999 26.646000
27.952000 25.999001
27.997000 26.402000
27.125000 25.858999
27.490000 26.118000
27.618999 25.919001
99.999001 26.332001
27.393999 26.260000
27.587000 26.207001
27.611000 25.639000
99.999001 26.513000
27.412001 26.302000
27.169001 25.900000
27.987000 25.908001
27.895000 25.839001
28.134001 25.972000
28.247999 26.238001
26.902000 26.787001
26.756001 26.139999
28.375999 26.527000
28.155001 25.783001
27.610001 26.271999
99.999001 99.999001
29.818001 99.999001
27.018999 26.900999
27.014000 26.049000
27.513000 26.534000
27.125000 26.322001
27.730000 26.285999
27.739000 26.097000
27.868999 27.448000
26.513000 26.625000
27.098000 26.271000
27.532000 26.329000
27.389000 26.278000
27.721001 26.148001
27.625000 26.049999
27.569000 26.586000
27.500000 26.169001
27.285999 25.929001
28.679001 26.143999
28.684000 26.370001
28.027000 26.188000
28.500999 26.208000
27.211000 26.285000
27.882000 25.917000
28.521999 29.245001
27.635000 26.419001
26.927000 26.344999
33.849998 26.664000
27.794001 26.683001
27.667000 26.556000
27.219000 26.292000
27.173000 25.827999
27.966000 26.042999
26.892000 26.181999
27.013000 25.948000
29.573000 27.211000
27.829000 26.702999
28.768000 27.377001
32.097000 27.485001
27.790001 26.320000
27.695999 26.617001
26.709000 26.378000
27.695999 26.141001
29.091000 28.118000
28.091000 26.870001
27.603001 26.403000
27.010000 26.129999
27.898001 26.341000
28.766001 27.444000
27.485001 26.381001
27.202999 26.319000
34.056000 26.364000
27.224001 25.985001
27.080000 26.348000
28.211000 26.341999
29.570999 26.344999
26.875000 26.372000
26.632000 26.225000
28.150000 26.836000
28.402000 26.304001
99.999001 28.537001
27.768000 26.417999
27.622000 25.909000
27.202000 26.042999
27.235001 25.924999
27.646999 26.285999
27.655001 25.815001
28.188000 26.108000
27.827000 26.364000
27.712000 25.941000
28.999001 26.558001
30.297001 27.349001
27.934999 26.610001
27.299999 29.270000
27.438999 26.128000
26.514000 26.305000
28.017000 26.409000
27.245001 25.826000
27.893999 26.752001
27.618999 26.100000
28.169001 26.701000
28.242001 26.160999
27.653000 26.002001
27.058001 26.243999
27.429001 25.966999
26.950001 26.099001
27.193001 26.075001
27.330999 26.518000
99.999001 27.230000
27.480000 26.246000
27.083000 26.035000
28.511999 26.132000
26.548000 27.527000
27.843000 26.555000
27.896999 26.483000
27.542000 26.250999
27.259001 26.315001
27.087999 26.285000
27.594000 26.434000
27.950001 26.202999
28.191000 27.049999
29.521000 27.306999
27.347000 26.283001
27.580999 25.974001
28.343000 26.530001
27.530001 28.552000
27.709000 26.038000
28.226999 26.546000
29.146000 26.737000
27.820000 26.065001
99.999001 99.999001
27.743999 26.173000
28.191999 25.843000
28.224001 26.466000
27.011000 26.343000
27.327999 26.673000
27.219999 26.163000
28.077000 26.485001
28.653999 27.225000
27.469000 26.172001
28.539000 26.771999
27.112000 26.195000
27.510000 26.148001
28.618999 26.398001
29.188999 26.229000
27.221001 26.099001
27.725000 26.642000
27.660000 27.723000
28.243999 26.805000
27.405001 27.233000
27.924999 26.079000
27.431000 26.134001
99.999001 99.999001
30.299000 27.038000
27.483999 26.033001
27.426001 26.160000
27.767000 26.414000
27.805000 25.837999
29.951000 27.447001
99.999001 99.999001
27.589001 26.014000
28.493999 26.587000
29.733000 27.796000
27.322001 26.556999
27.257999 26.298000
26.872999 26.677000
99.999001 26.754999
27.889999 26.681000
27.900000 26.650999
28.334000 26.368999
27.944000 26.906000
27.429001 26.546000
27.237000 26.396999
29.112000 27.587999
28.862000 26.493000
28.238001 26.773001
28.584000 26.200001
28.073000 26.103001
99.999001 28.444000
28.156000 26.701000
27.906000 26.539000
27.364000 26.497999
27.343000 26.296000
26.868999 27.011000
27.858000 26.393000
30.655001 28.179001
28.084999 26.302000
27.068001 26.683001
28.403999 26.535999
27.438000 26.246000
28.313000 26.768000
27.598000 26.591000
26.634001 27.617001
28.278000 26.018000
26.816000 26.690001
28.101000 25.849001
31.480000 27.657000
27.020000 26.271999
28.046000 26.226999
27.636000 26.405001
27.129999 26.422001
99.999001 99.999001
27.159000 26.892000
27.636000 26.493999
28.275999 26.521000
27.152000 27.106001
28.031000 26.136999
28.417999 26.476000
27.990000 27.341999
28.490999 26.603001
28.790001 26.885000
27.816999 26.441000
26.958000 26.650999
27.716999 26.990999
29.601000 26.906000
27.966000 26.538000
27.436001 26.393000
27.208000 26.919001
28.464001 26.545000
28.128000 25.990999
27.392000 26.962999
27.841999 26.628000
27.195999 26.695000
28.527000 26.570000
27.471001 26.176001
99.999001 27.518000
28.194000 27.021999
28.377001 26.704000
28.611000 26.295000
30.152000 26.775000
28.892000 26.638000
29.254999 26.639999
28.010000 26.059000
28.820000 26.459000
27.610001 26.474001
29.058001 27.174000
27.955000 26.198000
29.184999 28.072001
28.639000 26.691999
28.688999 26.506001
28.021000 26.999001
27.808001 26.607000
99.999001 99.999001
28.677999 30.080000
99.999001 99.999001
28.184999 26.613001
27.556999 26.337000
27.705000 26.451000
28.480000 26.171000
28.368999 27.421000
27.865000 26.054001
27.752001 26.066999
28.414000 26.829000
28.146999 26.700001
28.010000 26.469000
27.875000 26.351999
27.624001 26.542000
99.999001 26.962000
27.077000 26.743000
27.517000 26.784000
27.368000 26.694000
28.636000 26.569000
28.868000 26.230000
28.245001 26.499001
28.247999 26.323000
27.646999 26.636999
28.007999 26.202999
28.622999 26.608000
28.628000 27.664000
27.490999 26.393999
28.181000 26.885000
27.806000 26.358999
27.489000 26.496000
29.275000 26.386000
27.514999 26.462999
27.848000 26.483000
27.537001 26.811001
27.740000 26.493999
28.242001 26.777000
28.547001 27.052999
28.436001 26.789000
27.625999 28.311001
99.999001 30.795000
28.586000 26.778000
27.966999 26.871000
29.740000 26.568001
28.577000 26.659000
28.733000 26.497000
28.382000 26.270000
28.461000 26.541000
27.450001 27.357000
27.775000 26.620001
28.621000 26.334000
99.999001 99.999001
27.337000 27.010000
27.874001 26.437000
28.330999 26.603001
28.597000 27.106001
28.955999 26.521000
30.378000 26.534000
27.665001 26.907000
32.681000 26.598000
28.271999 26.570999
31.343000 27.055000
99.999001 31.378000
28.049999 26.487000
27.907000 26.937000
27.789000 26.586000
99.999001 99.999001
27.665001 26.700001
27.416000 26.981001
28.250000 26.614000
99.999001 26.728001
99.999001 99.999001
99.999001 27.590000
27.646999 26.809999
28.658001 27.225000
29.063000 28.632000
27.952999 26.775999
27.888000 26.273001
28.687000 26.806999
27.931999 26.388000
28.857000 31.183001
27.158001 27.483999
28.164000 26.752001
30.410999 26.549000
28.628000 27.080000
27.989000 26.256001
27.421000 26.948999
27.980000 27.118000
27.455000 27.025999
99.999001 29.499001
29.910000 26.660999
27.978001 26.625000
27.424000 26.513000
28.245001 26.438000
28.426001 26.632999
27.816999 26.528999
27.509001 27.108999
99.999001 99.999001
28.583000 26.794001
28.583000 26.691000
29.084000 26.452000
29.973000 27.646999
99.999001 99.999001
27.801001 26.120001
27.950001 26.468000
29.917000 26.993000
29.094000 27.441999
27.857000 26.594999
27.584999 26.643999
27.589001 27.197001
27.709999 26.798000
99.999001 27.299999
27.655001 27.218000
29.488001 26.277000
27.639999 27.247999
